0 5800000 800 0
0.0322631113088703 5799995.30030368 802.349847210472 2.3498491145338
0.0435934150473699 5799993.646569 803.176713760891 3.17671724072525
0.0527999673043443 5799992.30155557 803.849219660941 3.84922477008369
0.0618709202074271 5799990.97525114 804.51237091984 4.51237794105813
0.0712008620006342 5799989.60993764 805.195026526716 5.19503583305118
0.0808733250164082 5799988.19327794 805.903355020505 5.90336703764571
0.090899376988345 5799986.72351544 806.63823468013 6.63824987541245
0.101273052173978 5799985.201383 807.399299059496 7.39931793875454
0.111984891431513 5799983.62812494 808.185925974646 8.18594908143524
0.123025221111267 5799982.00501762 808.997477231029 8.99750514654804
0.134384888496414 5799980.3332617 809.83335247972 9.83338582294647
0.146055374583224 5799978.61396552 810.692997527095 10.6930369549874
0.158028762485446 5799976.84814965 811.57590206861 11.5759482763306
0.170297679073905 5799975.03675537 812.481595454368 12.4816491755167
0.182855237534404 5799973.18065296 813.409642515328 13.4097045221854
0.195694986373803 5799971.28064918 814.35963985675 14.3597109605245
0.208810865152702 5799969.33749367 815.33121264036 15.3312936914431
0.222197166137079 5799967.35188452 816.324011796861 16.3241036850845
0.235848500965459 5799965.32447314 817.337711603169 17.3378152580748
0.249759771540434 5799963.25586848 818.372007566888 18.3721239579963
0.263926144487594 5799961.14664072 819.42661457023 19.4267447073169
0.278343028642032 5799958.9973246 820.501265234135 20.5014101675195
0.293006055118067 5799956.80842224 821.595708470286 21.5958692911132
0.30791105959459 5799954.58040577 822.709708194256 22.7098860347943
0.323054066510148 5799952.31371961 823.843042177567 23.84323821151
0.338431274911869 5799950.00878252 824.995501020044 24.9957164628132
0.354039045742839 5799947.66598944 826.166887226787 26.167123335845
0.369873890385859 5799945.28571317 827.357014376533 27.3572724517
0.385932460308765 5799942.86830588 828.565706370138 28.5659877539175
0.402211537679177 5799940.41410042 829.792796749583 29.7931028274859
0.418708026835366 5799937.92341164 831.038128079237 31.0384602801204
0.435418946515647 5799935.39653744 832.30155138231 32.3019111787146
0.452341422761957 5799932.83375984 833.582925626336 33.5833145348334
0.469472682424439 5799930.23534592 834.882117252379 34.8825368339224
0.486810047203291 5799927.60154865 836.198999743316 36.1994516036
0.504350928172228 5799924.93260776 837.533453227162 37.5339390169823
0.52209282073475 5799922.22875036 838.885364111867 38.885885527492
0.54003329997032 5799919.49019172 840.254624748487 40.255183532032
0.558170016332637 5799916.71713582 841.641133119964 41.6417310597709
0.57650069166655 5799913.90977596 843.044792553083 43.0454314841098
0.595023115513995 5799911.0682953 844.465511451463 44.4661932556735
0.613735141682563 5799908.1928673 845.903203047647 45.9039296544097
0.632634685053261 5799905.28365627 847.357785172595 47.3585585590883
0.651719718606477 5799902.34081773 848.829180041054 48.8300022326759
0.670988270647397 5799899.36449883 850.317314051435 50.3181871222213
0.690438422214033 5799896.35483873 851.822117598984 51.8230436720267
0.710068304652715 5799893.31196895 853.343524901124 53.3445061490045
0.729876097347455 5799890.23601369 854.881473834008 54.8825124792278
0.749860025590836 5799887.12709013 856.435905779356 56.4370040947805
0.770018358585347 5799883.98530873 858.006765480795 58.0079257900985
0.790349407565053 5799880.81077351 859.594000908949 59.5952255870677
0.810851524028495 5799877.60358226 861.197563134624 61.1988546082162
0.83152309807449 5799874.36382684 862.817406209484 62.8187669573957
0.852362556833267 5799871.09159334 864.453487053664 64.4549196074007
0.873368362986063 5799867.78696236 866.105765349821 66.1072722940265
0.894539013366871 5799864.45000914 867.774203443167 67.7757874161068
0.915873037640579 5799861.08080381 869.458766247059 69.4604299411121
0.937368997052233 5799857.67941153 871.159421153767 71.1611673159257
0.95902548324259 5799854.24589267 872.876137950076 72.8779693824461
0.980841117125515 5799850.78030297 874.608888737377 74.6108082976921
1.00281454782315 5799847.28269369 876.357647855976 76.3596584581144
1.02494445165506 5799843.75311176 878.122391813333 78.1244964278403
1.047229531178 5799840.19159992 879.903099215979 79.9053008705995
1.06966851427292 5799836.59819681 881.699750704884 81.7020524850986
1.09226015327644 5799832.97293716 883.512328894057 83.5147339436291
1.11500322415394 5799829.31585186 885.340818312186 85.3433298337118
1.13789652571185 5799825.62696805 887.185205347126 87.1878266025915
1.16093887884662 5799821.9063093 889.045478193067 89.0482125044138
1.1841291258284 5799818.15389565 890.921626800223 90.9244775499238
1.20746612961727 5799814.36974372 892.813642826909 92.8166134585424
1.23094877321015 5799810.5538668 894.721519593839 94.7246136126805
1.25457595901677 5799806.70627495 896.645252040555 96.6484730141665
1.27834660826284 5799802.82697508 898.584836683833 98.5881882426683
1.30225966041921 5799798.91597101 900.54027157799 100.543757415999
1.32631407265526 5799794.97326357 902.511556276954 102.515180152203
1.35050881931549 5799790.99885067 904.498691798037 104.502457533328
1.37484289141791 5799786.99272734 906.501680587287 106.505592070792
1.39931529617313 5799782.95488584 908.520526486365 108.524587672261
1.42392505652305 5799778.88531569 910.55523470084 110.559449609958
1.44867121069815 5799774.78400374 912.605811769857 112.610184490336
1.4735528117924 5799770.65093424 914.672265537087 114.676800225031
1.49856892735495 5799766.48608888 916.754605122897 116.759306003051
1.52371863899773 5799762.28944684 918.852840897701 118.857712264123
1.54900104201813 5799758.06098487 920.966984456396 120.972030673146
1.57441524503612 5799753.80067731 923.097048593869 123.102274095702
1.59996036964504 5799749.50849615 925.2430472815 125.248456574563
1.62563555007539 5799745.18441105 927.404995644614 127.410593307164
1.6514399328711 5799740.82838944 929.582909940857 129.58870062397
1.67737267657755 5799736.4403965 931.776807539423 131.782795967728
1.70343295144097 5799732.02039523 933.986706901128 133.992897873538
1.72961993911849 5799727.56834649 936.212627559255 136.219025949711
1.75593283239857 5799723.08420904 938.45459010117 138.461200859392
1.78237083493119 5799718.56793955 940.712616150647 140.719444302897
1.8089331609674 5799714.01949265 942.986728350893 142.993779000744
1.83561903510787 5799709.43882098 945.276950348226 145.284228677336
1.86242769205996 5799704.82587518 947.583306776383 147.590818045289
1.88935837640304 5799700.18060397 949.905823241438 149.913572790346
1.91641034236162 5799695.50295414 952.244526307294 152.252519556887
1.94358285358599 5799690.79287059 954.599443481732 154.607685933985
1.97087518294005 5799686.05029636 956.97060320299 156.979100441992
1.99828661229609 5799681.27517266 959.358034826852 159.366792519638
2.02581643233607 5799676.46743888 961.761768614227 161.770792511624
2.05346394235936 5799671.62703263 964.181835719199 164.191131656675
2.08122845009645 5799666.75388975 966.618268177522 166.627842076047
2.1091092715286 5799661.84794434 969.071098895556 169.080956762475
2.13710573071299 5799656.90912879 971.540361639615 171.550509569528
2.16521715961331 5799651.93737378 974.026091025714 174.036535201368
2.19344289793556 5799646.93260829 976.528322509705 176.539069202893
2.22178229296868 5799641.89475968 979.047092377783 179.058147950255
2.25023469943012 5799636.82375362 981.582437737342 181.593808641727
2.27879947931588 5799631.71951421 984.134396508185 184.146089288923
2.30747600175504 5799626.58196388 986.703007414057 186.715028708339
2.33626364286853 5799621.41102352 989.288309974501 189.300666513222
2.36516178563195 5799616.2066124 991.890344497019 191.90304310574
2.39416981974241 5799610.96864826 994.509152069531 194.522199669454
2.4232871414891 5799605.69704729 997.144774553118 197.158178162069
2.45251315362758 5799600.39172412 999.797254575047 199.811021308471
2.48184726525751 5799595.05259189 1002.46663552205 202.48077259402
2.51128889170391 5799589.67956221 1005.15296153389 205.167476258109
2.54083745440157 5799584.27254522 1007.85627749711 207.871177287971
2.57049238078272 5799578.83144955 1010.57662903912 210.591921412719
2.60025310416768 5799573.35618238 1013.31406252243 213.329755097625
2.63011906365854 5799567.84664942 1016.06862503916 216.084725538629
2.66008970403561 5799562.30275494 1018.84036440573 218.856880657052
2.69016447565666 5799556.72440175 1021.62932915779 221.64626909453
2.72034283435882 5799551.11149125 1024.43556854534 224.452940208152
2.75062424136299 5799545.46392341 1027.25913252806 227.276944065787
2.78100816318081 5799539.78159679 1030.10007177082 230.118331441614
2.81149407152399 5799534.06440855 1032.95843763935 232.97715381183
2.84208144321591 5799528.31225445 1035.83428219618 235.853463350534
2.87276976010556 5799522.52502888 1038.7276581966 238.747312925802
2.90355850898359 5799516.70262482 1041.63861908497 241.658756095908
2.93444718150044 5799510.8449339 1044.56721899106 244.587847105732
2.96543527408657 5799504.95184639 1047.51351272658 247.534640883307
2.99652228787456 5799499.02325118 1050.47755578193 250.49919303654
3.02770772862325 5799493.05903583 1053.45940432298 253.481559850065
3.05899110664357 5799487.05908653 1056.45911518815 256.481798282259
3.09037193672629 5799481.02328815 1059.47674588544 259.499965962384
3.12184973807141 5799474.95152422 1062.51235458982 262.536121187884
3.15342403421932 5799468.84367694 1065.56600014055 265.590322921798
3.18509435298347 5799462.69962717 1068.63774203874 268.66263079032
3.2168602263847 5799456.51925448 1071.72764044507 271.753105080476
3.24872119058712 5799450.30243709 1074.83575617749 274.861806737929
3.28067678583539 5799444.04905193 1077.9621507092 277.988797364902
3.31272655639353 5799437.75897462 1081.10688616666 281.134139218224
3.34487005048505 5799431.43207947 1084.27002532772 284.297895207479
3.37710682023448 5799425.06823949 1087.45163161988 287.480128893283
3.40943642161023 5799418.6673264 1090.65176911863 290.680904485653
3.44185841436868 5799412.22921061 1093.87050254599 293.900286842494
3.47437236199957 5799405.75376126 1097.10789726898 297.138341468184
3.50697783167253 5799399.24084619 1100.36401929836 300.395134512263
3.53967439418486 5799392.69033195 1103.6389352874 303.670732768215
3.57246162391038 5799386.1020838 1106.93271253071 306.965203672354
3.60533909874942 5799379.47596573 1110.24541896322 310.278615302799
3.63830640007987 5799372.81184046 1113.57712315925 313.611036378541
3.67136311270931 5799366.10956941 1116.9278943316 316.962536258605
3.70450882482813 5799359.36901273 1120.29780233085 320.33318494129
3.73774312796361 5799352.59002929 1123.68691764463 323.723053063506
3.77106561693503 5799345.7724767 1127.09531139702 327.132211900187
3.80447588980967 5799338.91621129 1130.52305534803 330.560733363792
3.83797354785971 5799332.0210881 1133.9702218932 334.008690003879
3.87155819552008 5799325.08696093 1137.43688406319 337.476155006769
3.90522944034708 5799318.11368228 1140.92311552354 340.963202195273
3.93898689297793 5799311.1011034 1144.42899057441 344.469906028513
3.97283016709107 5799304.04907425 1147.95458415051 347.996341601794
4.00675887936731 5799296.95744353 1151.49997182101 351.542584646575
4.04077264945171 5799289.82605868 1155.06522978952 355.108711530485
4.07487109991623 5799282.65476585 1158.65043489423 358.694799257433
4.10905385622314 5799275.44340993 1162.25566460803 362.300925467767
4.14332054668911 5799268.19183452 1165.88099703871 365.927168438515
4.17767080245002 5799260.89988199 1169.52651092926 369.573607083683
4.21210425742645 5799253.56739339 1173.19228565824 373.240320954621
4.24662054828985 5799246.19420852 1176.87840124013 376.927390240456
4.2812193144293 5799238.78016591 1180.58493832587 380.63489576858
4.31590019791895 5799231.32510279 1184.31197820335 384.36291900521
4.35066284348611 5799223.82885515 1188.05960279803 388.111542056001
4.38550689847984 5799216.29125766 1191.82789467358 391.880847666719
4.42043201284018 5799208.71214375 1195.61693703261 395.670919223978
4.45543783906801 5799201.09134553 1199.42681371741 399.481840756031
4.49052403219536 5799193.42869386 1203.25760921081 403.313696933617
4.52569024975631 5799185.72401829 1207.10940863707 407.166573070867
4.56093615175847 5799177.97714711 1210.98229776276 411.040555126265
4.5962614006549 5799170.1879073 1214.87636299784 414.935729703658
4.63166566131655 5799162.35612455 1218.79169139663 418.85218405333
4.66714860100527 5799154.48162327 1222.72837065895 422.790006073119
4.70270988934718 5799146.56422656 1226.68648913126 426.74928430959
4.73834919830664 5799138.60375623 1230.66613580787 430.730107959263
4.77406620216058 5799130.6000328 1234.66740033217 434.732566869886
4.8098605774733 5799122.55287546 1238.69037299797 438.756751541758
4.84573200307176 5799114.46210212 1242.73514475082 442.802753129112
4.88168016002127 5799106.32752937 1246.80180718942 446.87066344153
4.91770473160155 5799098.14897249 1250.89045256708 450.960574945421
4.95380540328328 5799089.92624544 1255.0011737932 455.072580765541
4.98998186270499 5799081.65916088 1259.13406443483 459.206774686558
5.02623379965039 5799073.34753013 1263.28921871825 463.363251154666
5.06256090602606 5799064.99116319 1267.4667315306 467.54210527925
5.09896287583946 5799056.58986874 1271.66669842157 471.743432834585
5.13543940517742 5799048.14345413 1275.88921560514 475.967330261592
5.17199019218491 5799039.65172537 1280.1343799613 480.213894669633
5.20861493704415 5799031.11448712 1284.40228903795 484.483223838351
5.24531334195412 5799022.53154273 1288.69304105267 488.775416219553
5.28208511111034 5799013.90269417 1293.00673489467 493.09057093914
5.31892995068506 5799005.22774207 1297.34347012673 497.428787799074
5.35584756880768 5798996.50648573 1301.70334698718 501.790167279396
5.39283767554554 5798987.73872307 1306.08646639193 506.174810540279
5.42989998288501 5798978.92425064 1310.49292993654 510.582819424127
5.46703420471285 5798970.06286364 1314.92283989833 515.01429645771
5.50424005679792 5798961.15435591 1319.37629923853 519.469344854354
5.54151725677312 5798952.19851988 1323.85341160451 523.948068516152
5.57886552411765 5798943.19514663 1328.35428133195 528.450572036236
5.61628458013955 5798934.14402585 1332.87901344716 532.976960701072
5.65377414795844 5798925.04494584 1337.42771366939 537.527340492809
5.69133395248867 5798915.89769349 1342.00048841316 542.10181809166
5.72896372042253 5798906.70205433 1346.59744479069 546.700500878321
5.76666318021392 5798897.45781245 1351.21869061429 551.32349693644
5.80443206206212 5798888.16475054 1355.86433439888 555.970915055112
5.84227009789585 5798878.8226499 1360.53448536443 560.642864731422
5.88017702135763 5798869.43129039 1365.22925343859 565.339456173025
5.91815256778826 5798859.99045044 1369.94874925921 570.060800300758
5.95619647421161 5798850.49990707 1374.69308417701 574.807008751303
5.99430847931963 5798840.95943586 1379.46237025821 579.578193879874
6.03248832345755 5798831.36881095 1384.25672028724 584.374468762954
6.07073574860931 5798821.72780503 1389.0762477695 589.195947201064
6.1090504983832 5798812.03618934 1393.92106693408 594.042743721564
6.14743231799774 5798802.29373368 1398.79129273663 598.914973581508
6.1858809542677 5798792.50020637 1403.68704086218 603.812752770518
6.22439615559035 5798782.65537426 1408.60842772802 608.736198013706
6.26297767193195 5798772.75900274 1413.55557048664 613.685426774631
6.30162525481438 5798762.81085571 1418.52858702868 618.660557258294
6.34033865730194 5798752.8106956 1423.52759598592 623.661708414164
6.37911763398839 5798742.75828333 1428.55271673433 628.688999939249
6.41796194098418 5798732.65337832 1433.60406939711 633.742552281198
6.45687133590375 5798722.49573851 1438.68177484781 638.822486641444
6.49584557785316 5798712.28512031 1443.78595471349 643.928924978376
6.53488442741776 5798702.02127861 1448.91673137787 649.061990010556
6.5739876466501 5798691.7039668 1454.07422798452 654.221805219971
6.613154999058 5798681.3329367 1459.25856844018 659.408494855312
6.65238624959274 5798670.90793865 1464.46987741799 664.622183935305
6.69168116463745 5798660.42872139 1469.70828036079 669.862998252062
6.73103951199566 5798649.89503214 1474.97390348456 675.13106437448
6.77046106087994 5798639.30661657 1480.26687378171 680.426509651671
6.8099455819008 5798628.66321876 1485.5873190246 685.74946221643
6.84949284705564 5798617.96458124 1490.93536776893 691.100050988733
6.88910262971786 5798607.21044496 1496.31114935728 696.478405679286
6.9287747046262 5798596.40054928 1501.71479392263 701.884656793088
6.96850884787408 5798585.53463197 1507.14643239193 707.318935633054
7.0083048368992 5798574.61242921 1512.6061964897 712.781374303652
7.04816245047322 5798563.63367554 1518.0942187417 718.272105714593
7.08808146869154 5798552.59810394 1523.61063247857 723.79126358455
7.1280616729633 5798541.50544571 1529.15557183954 729.338982444908
7.16810284600145 5798530.35543058 1534.72917177624 734.915397643562
7.20820477181292 5798519.14778659 1540.33156805639 740.52064534874
7.248367235689 5798507.88224018 1545.96289726768 746.154862552868
7.28859002419571 5798496.5585161 1551.62329682164 751.818187076471
7.32887292516449 5798485.17633747 1557.31290495745 757.510757572109
7.36921572768275 5798473.73542572 1563.03186074596 763.232713528345
7.40961822208478 5798462.23550063 1568.7803040936 768.984195273759
7.45008019994262 5798450.67628027 1574.55837574636 774.76534398099
7.49060145405707 5798439.05748103 1580.36621729389 780.576301670819
7.53118177844889 5798427.37881761 1586.20397117349 786.417211216283
7.57182096834998 5798415.64000298 1592.0717806743 792.288216346833
7.61251882019475 5798403.8407484 1597.96978994134 798.189461652522
7.65327513161161 5798391.98076343 1603.8981439798 804.121092588234
7.69408970141449 5798380.05975586 1609.85698865916 810.083255477947
7.73496232959452 5798368.07743176 1615.84647071749 816.076097519036
7.77589281731177 5798356.03349545 1621.86673776572 822.099766786606
7.81688096688713 5798343.92764947 1627.91793829198 828.154412237871
7.85792658179427 5798331.75959462 1634.00022166592 834.240183716565
7.89902946665164 5798319.5290299 1640.11373814314 840.357231957387
7.94018942721465 5798307.23565254 1646.25863886964 846.505708590494
7.98140627036793 5798294.87915797 1652.43507588622 852.685766146017
8.02267980411756 5798282.45923981 1658.64320213306 858.897558058628
8.06400983758359 5798269.97558987 1664.88317145422 865.141238672132
8.10539618099245 5798257.42789815 1671.15513860222 871.416963244111
8.14683864566961 5798244.81585281 1677.45925924269 877.72488795059
8.18833704403219 5798232.13914015 1683.79568995898 884.065169890755
8.22989118958172 5798219.39744465 1690.1645882569 890.437967091697
8.27150089689703 5798206.59044892 1696.56611256941 896.843438513206
8.3131659816271 5798193.71783369 1703.0004222614 903.281744052593
8.35488626048406 5798180.77927782 1709.46767763449 909.753044549555
8.39666155123632 5798167.77445828 1715.9680399319 916.25750179108
8.43849167270165 5798154.70305014 1722.50167134329 922.795278516389
8.48037644474047 5798141.56472657 1729.0687350097 929.366538421914
8.52231568824908 5798128.3591588 1735.66939502852 935.97144616632
8.5643092251531 5798115.08601617 1742.30381645846 942.610167375563
8.60635687840088 5798101.74496603 1748.97216532459 949.28286864799
8.64845847195702 5798088.33567382 1755.67460862344 955.989717559473
8.69061383079598 5798074.857803 1762.41131432807 962.730882668591
8.73282278089569 5798061.31101508 1769.18245139325 969.506533521842
8.77508514923134 5798047.69496958 1775.98818976064 976.316840658905
8.81740076376913 5798034.00932402 1782.82870036403 983.161975617932
8.85976945346013 5798020.25373392 1789.7041551346 990.042110940889
8.90219104823423 5798006.42785281 1796.61472700621 996.957420178934
8.9446653789941 5797992.53133218 1803.5605899208 1003.90807789783
8.98719227760924 5797978.56382148 1810.54191883373 1010.89425968342
9.02977157691016 5797964.52496813 1817.55888971923 1017.9161421471
9.07240311068244 5797950.41441749 1824.61167957587 1024.97390293138
9.11508671366109 5797936.23181285 1831.70046643207 1032.06772071549
9.15782222152475 5797921.97679543 1838.82542935163 1039.19777522093
9.2006094708901 5797907.64900434 1845.98674843936 1046.36424721723
9.24344829930626 5797893.24807663 1853.1846048467 1053.56731852758
9.28633854524925 5797878.77364719 1860.41918077736 1060.80717203463
9.32928004811655 5797864.22534882 1867.69065949309 1068.08399168627
9.37227264822164 5797849.60281218 1874.9992253194 1075.39796250146
9.41531618678866 5797834.90566577 1882.34506365137 1082.74927057609
9.45841050594712 5797820.13353595 1889.72836095952 1090.13810308895
9.5015554487266 5797805.2860469 1897.14930479563 1097.56464830765
9.54475085905162 5797790.36282061 1904.60808379874 1105.02909559464
9.58799658173641 5797775.36347688 1912.10488770106 1112.5316354133
9.63129246247988 5797760.28763333 1919.63990733402 1120.07245933396
9.67463834786051 5797745.13490532 1927.21333463433 1127.6517600401
9.71803408533142 5797729.90490601 1934.82536265005 1135.26973133453
9.76147952321538 5797714.59724631 1942.47618554675 1142.92656814559
9.8049745106999 5797699.21153485 1950.16599861369 1150.62246653345
9.84851889783243 5797683.74737803 1957.89499827008 1158.35762369642
9.89211253551549 5797668.20437995 1965.66338207132 1166.1322379773
9.93575527550198 5797652.58214241 1973.47134871533 1173.94650886982
9.97944697039042 5797636.88026492 1981.31909804894 1181.80063702508
10.0231874736203 5797621.09834467 1989.20683107425 1189.69482425805
10.0669766394674 5797605.23597649 1997.13474995516 1197.62927355413
10.1108143230395 5797589.2927529 2005.1030580238 1205.60418907571
10.1547003802712 5797573.26826404 2013.11195978711 1213.61977616888
10.1986346679203 5797557.1620977 2021.16166093346 1221.67624137005
10.2426170435627 5797540.97383925 2029.25236833922 1229.77379241273
10.2866473655881 5797524.70307169 2037.38429007552 1237.91263823429
10.3307254931959 5797508.3493756 2045.55763541494 1246.09298898282
10.3748512863906 5797491.91232914 2053.77261483833 1254.31505602398
10.4190246059777 5797475.39150801 2062.02944004158 1262.57905194795
10.4632453135595 5797458.78648548 2070.32832394254 1270.88519057642
10.5075132715304 5797442.09683234 2078.66948068796 1279.23368696958
10.5518283430736 5797425.32211691 2087.05312566042 1287.62475743322
10.5961903921562 5797408.46190499 2095.47947548536 1296.05861952587
10.6405992835254 5797391.5157599 2103.94874803818 1304.53549206596
10.6850548827048 5797374.48324241 2112.46116245133 1313.05559513904
10.7295570559895 5797357.36391077 2121.01693912149 1321.61915010509
10.7741056704432 5797340.15732068 2129.61629971681 1330.2263796058
10.8187005938934 5797322.86302524 2138.25946718412 1338.877507572
10.8633416949281 5797305.48057501 2146.94666575632 1347.57275923107
10.9080288428913 5797288.00951792 2155.67812095971 1356.31236111442
10.9527619078799 5797270.44939931 2164.45405962141 1365.09654106503
10.9975407607393 5797252.79976188 2173.27470987685 1373.92552824505
11.0423652730601 5797235.06014568 2182.14030117729 1382.79955314342
11.0872353171738 5797217.23008812 2191.05106429738 1391.71884758359
11.1321507661498 5797199.30912392 2200.00723134282 1400.68364473125
11.1771114937911 5797181.29678514 2209.009035758 1409.69417910215
11.2221173746311 5797163.1926011 2218.05671233376 1418.75068656993
11.2671682839299 5797144.99609841 2227.1504972152 1427.85340437406
11.3122640976706 5797126.70680096 2236.29062790945 1437.00257112779
11.3574046925557 5797108.32422988 2245.47734329365 1446.19842682618
11.4025899460039 5797089.84790352 2254.71088362282 1455.44121285417
11.4478197361467 5797071.27733747 2263.99149053794 1464.73117199471
11.4930939418242 5797052.61204449 2273.31940707394 1474.06854843699
11.5384124425826 5797033.85153455 2282.69487766786 1483.45358778462
11.5837751186703 5797014.99531477 2292.11814816698 1492.88653706397
11.6291818510347 5796996.04288943 2301.5894658371 1502.36764473257
11.6746325213188 5796976.99375994 2311.10907937077 1511.89716068743
11.7201270118581 5796957.84742483 2320.67723889565 1521.47533627363
11.7656652056769 5796938.60337972 2330.29419598292 1531.10242429277
11.8112469864857 5796919.26111733 2339.9602036557 1540.7786790116
11.8568722386773 5796899.82012743 2349.67551639758 1550.50435617071
11.9025408473242 5796880.27989684 2359.4403901612 1560.27971299315
11.948252698175 5796860.63990943 2369.25508237687 1570.10500819331
11.9964147154657 5796860.63990943 2369.25508237687 1570.10500819331
12.0421696949423 5796840.89964605 2379.11985196122 1579.98050198569
12.0903686894149 5796840.89964605 2379.11985196122 1579.98050198569
12.1361747913078 5796821.05506523 2389.03671803484 1589.90821673261
12.1844160551545 5796821.05506523 2389.03671803484 1589.90821673261
12.2302752570695 5796801.10468675 2399.00641976088 1599.88889348647
12.2785601145694 5796801.10468675 2399.00641976088 1599.88889348647
12.3244728801091 5796781.04767475 2409.02937429325 1609.92295095876
12.3728016573039 5796781.04767475 2409.02937429325 1609.92295095876
12.4187680694451 5796760.88335311 2419.10591894154 1620.01072794482
12.4671408416074 5796760.88335311 2419.10591894154 1620.01072794482
12.5131608880807 5796740.61108296 2429.23637241211 1630.15254463119
12.5615776678781 5796740.61108296 2429.23637241211 1630.15254463119
12.6076513130287 5796720.23023158 2439.42105030551 1640.34871811007
12.656112097894 5796720.23023158 2439.42105030551 1640.34871811007
12.7022393007775 5796699.74016464 2449.66026904751 1650.59956631485
12.7507440848334 5796699.74016464 2449.66026904751 1650.59956631485
12.7969248037723 5796679.14024408 2459.95434689566 1660.90540902792
12.8454735808341 5796679.14024408 2459.95434689566 1660.90540902792
12.8917077745652 5796658.42982764 2470.30360420628 1671.26656814821
12.9403005388959 5796658.42982764 2470.30360420628 1671.26656814821
12.986588166859 5796637.60826871 2480.70836351475 1681.68336777172
13.0352249133602 5796637.60826871 2480.70836351475 1681.68336777172
13.0815659357705 5796616.67491621 2491.16894956855 1692.15613422487
13.1302466600297 5796616.67491621 2491.16894956855 1692.15613422487
13.1766410378965 5796595.62911456 2501.68568934855 1702.68519608593
13.2253657361996 5796595.62911456 2501.68568934855 1702.68519608593
13.2718134313302 5796574.47020371 2512.25891208745 1713.27088420378
13.3205821006644 5796574.47020371 2512.25891208745 1713.27088420378
13.3670830756656 5796553.197519 2522.88894928757 1723.91353171587
13.4158957137203 5796553.197519 2522.88894928757 1723.91353171587
13.4624499319987 5796531.81039119 2533.57613473869 1734.61347406632
13.5113065371657 5796531.81039119 2533.57613473869 1734.61347406632
13.5579139629275 5796510.30814644 2544.3208045359 1745.37104902401
13.6068145343017 5796510.30814644 2544.3208045359 1745.37104902401
13.6534751325529 5796488.6901062 2555.12329709771 1756.18659670091
13.7024196699319 5796488.6901062 2555.12329709771 1756.18659670091
13.7491334064785 5796466.95558724 2565.98395318423 1767.06045957056
13.7981219103633 5796466.95558724 2565.98395318423 1767.06045957056
13.8448887518112 5796445.1039016 2576.90311591562 1777.99298248669
13.8939212234063 5796445.1039016 2576.90311591562 1777.99298248669
13.9407411371618 5796423.13435651 2587.88113079065 1788.98451270206
13.9898175783756 5796423.13435651 2587.88113079065 1788.98451270206
14.0366905326452 5796401.04625441 2598.91834570541 1800.0353998875
14.0858109460905 5796401.04625441 2598.91834570541 1800.0353998875
14.1327369098813 5796378.83889288 2610.01511097229 1811.14599615101
14.1819012988753 5796378.83889288 2610.01511097229 1811.14599615101
14.2288802419955 5796356.5115646 2621.17177933905 1822.31665605721
14.2780886105607 5796356.5115646 2621.17177933905 1822.31665605721
14.3251205036195 5796334.06355734 2632.38870600811 1833.54773664682
14.3743728564839 5796334.06355734 2632.38870600811 1833.54773664682
14.4214576708922 5796311.49415389 2643.66624865601 1844.83959745644
14.4707540134901 5796311.49415389 2643.66624865601 1844.83959745644
14.5178917214605 5796288.80263201 2655.0047674531 1856.19260053848
14.5672320599328 5796288.80263201 2655.0047674531 1856.19260053848
14.6144226344804 5796265.98826443 2666.40462508332 1867.60711048123
14.6638069756755 5796265.98826443 2666.40462508332 1867.60711048123
14.7110503906181 5796243.05031881 2677.86618676429 1879.08349442921
14.7604787420921 5796243.05031881 2677.86618676429 1879.08349442921
14.8077749720509 5796219.98805763 2689.38982026746 1890.62212210364
14.8572473420687 5796219.98805763 2689.38982026746 1890.62212210364
14.9045963624686 5796196.80073824 2700.97589593859 1902.22336582316
14.9541127600046 5796196.80073824 2700.97589593859 1902.22336582316
15.001514547075 5796173.48761276 2712.62478671832 1913.88760052473
15.0510749818135 5796173.48761276 2712.62478671832 1913.88760052473
15.0985295125887 5796150.04792805 2724.33686816298 1925.61520378471
15.1481339949251 5796150.04792805 2724.33686816298 1925.61520378471
15.1956412472452 5796126.48092569 2736.11251846557 1937.40655584018
15.2452897882867 5796126.48092569 2736.11251846557 1937.40655584018
15.2928497407978 5796102.78584191 2747.95211847704 1949.26203961044
15.3425423523644 5796102.78584191 2747.95211847704 1949.26203961044
15.39015498452 5796078.96190755 2759.85605172759 1961.18204071871
15.4398916791451 5796078.96190755 2759.85605172759 1961.18204071871
15.4875569712063 5796055.00834804 2771.82470444839 1973.16694751409
15.537337762138 5796055.00834804 2771.82470444839 1973.16694751409
15.5850556951746 5796030.92438331 2783.85846559333 1985.21715109368
15.6348805963765 5796030.92438331 2783.85846559333 1985.21715109368
15.6826511522678 5796006.70922781 2795.9577268611 1997.33304532494
15.7325201784202 5796006.70922781 2795.9577268611 1997.33304532494
15.7803433398557 5795982.36209041 2808.12288271741 2009.51502686824
15.8302565063567 5795982.36209041 2808.12288271741 2009.51502686824
15.878132256837 5795957.88217438 2820.35433041746 2021.76349519969
15.9280895798035 5795957.88217438 2820.35433041746 2021.76349519969
15.9760179036418 5795933.26867734 2832.65247002864 2034.07885263412
16.0260193999106 5795933.26867734 2832.65247002864 2034.07885263412
16.0740002822329 5795908.5207912 2845.0177044534 2046.46150434834
16.1240459693623 5795908.5207912 2845.0177044534 2046.46150434834
16.172079396109 5795883.63770214 2857.4504394524 2058.91185840458
16.2221692923795 5795883.63770214 2857.4504394524 2058.91185840458
16.2702552503062 5795858.61859056 2869.95108366786 2071.43032577424
16.3203893747223 5795858.61859056 2869.95108366786 2071.43032577424
16.3685278514012 5795833.46263099 2882.52004864711 2084.01732036174
16.4187062236923 5795833.46263099 2882.52004864711 2084.01732036174
16.466897207513 5795808.1689921 2895.15774886644 2096.67325902878
16.5171198481351 5795808.1689921 2895.15774886644 2096.67325902878
16.565363328306 5795782.73683663 2907.86460175509 2109.39856161864
16.6156302584431 5795782.73683663 2907.86460175509 2109.39856161864
16.6639262249927 5795757.1653213 2920.6410277196 2122.19365098091
16.714237466558 5795757.1653213 2920.6410277196 2122.19365098091
16.7625859103358 5795731.45359684 2933.48745016824 2135.05895299634
16.8129414859735 5795731.45359684 2933.48745016824 2135.05895299634
16.8613423986518 5795705.60080786 2946.40429553585 2147.99489660195
16.9117423317386 5795705.60080786 2946.40429553585 2147.99489660195
16.9601957058135 5795679.60609287 2959.39199330877 2161.00191381648
17.0106400204599 5795679.60609287 2959.39199330877 2161.00191381648
17.0591458492531 5795653.46858418 2972.45097605015 2174.08043976594
17.1096345703053 5795653.46858418 2972.45097605015 2174.08043976594
17.158192847965 5795627.18740786 2985.58167942541 2187.23091270957
17.2087260010067 5795627.18740786 2985.58167942541 2187.23091270957
17.2573367225095 5795600.76168371 2998.784542228 2200.45377406596
17.3079143338632 5795600.76168371 2998.784542228 2200.45377406596
17.3565774950156 5795574.19052515 3012.06000640539 2213.74946843945
17.4071995917446 5795574.19052515 3012.06000640539 2213.74946843945
17.4559151891843 5795547.47303927 3025.40851708539 2227.11844364682
17.5065817990947 5795547.47303927 3025.40851708539 2227.11844364682
17.5553498302925 5795520.60832665 3038.8305226026 2240.56115074422
17.6060609819348 5795520.60832665 3038.8305226026 2240.56115074422
17.654881445196 5795493.59548142 3052.32647452526 2254.07804405438
17.7056371678669 5795493.59548142 3052.32647452526 2254.07804405438
17.7545100623332 5795466.43359112 3065.89682768228 2267.66958119411
17.8053103860779 5795466.43359112 3065.89682768228 2267.66958119411
17.8542357117292 5795439.12173671 3079.54204019059 2281.33622310202
17.905080667343 5795439.12173671 3079.54204019059 2281.33622310202
17.9540584249989 5795411.65899245 3093.2625734827 2295.07843406662
18.0049480440295 5795411.65899245 3093.2625734827 2295.07843406662
18.0539782353513 5795384.04442591 3107.05889233463 2308.89668175458
18.1049125501008 5795384.04442591 3107.05889233463 2308.89668175458
18.1539951775935 5795356.27709787 3120.93146489404 2322.79143723939
18.2049742211205 5795356.27709787 3120.93146489404 2322.79143723939
18.2541092881343 5795328.35606226 3134.88076270868 2336.76317503023
18.3051330942561 5795328.35606226 3134.88076270868 2336.76317503023
18.354320604989 5795300.28036614 3148.90726075515 2350.81237310118
18.4053892082836 5795300.28036614 3148.90726075515 2350.81237310118
18.454629167783 5795272.04904961 3163.01143746786 2364.9395129207
18.5057426035918 5795272.04904961 3163.01143746786 2364.9395129207
18.5550350177563 5795243.66114575 3177.19377476839 2379.14507948141
18.6061933221862 5795243.66114575 3177.19377476839 2379.14507948141
18.6555381977684 5795215.11568057 3191.45475809511 2393.42956133024
18.7067414076937 5795215.11568057 3191.45475809511 2393.42956133024
18.7561387523018 5795186.41167297 3205.79487643305 2407.79345059873
18.8073869053676 5795186.41167297 3205.79487643305 2407.79345059873
18.8568367274677 5795157.54813462 3220.21462234417 2422.23724303385
18.9081298620914 5795157.54813462 3220.21462234417 2422.23724303385
18.95763217101 5795128.52406997 3234.71449199784 2436.76143802897
19.0089703263844 5795128.52406997 3234.71449199784 2436.76143802897
19.0585251323103 5795099.33847614 3249.29498520171 2451.36653865522
19.1099083484056 5795099.33847614 3249.29498520171 2451.36653865522
19.1595156623927 5795069.99034287 3263.95660543284 2466.05305169314
19.2109439799598 5795069.99034287 3263.95660543284 2466.05305169314
19.260603813929 5795040.47865246 3278.6998598692 2480.82148766473
19.3120772745017 5795040.47865246 3278.6998598692 2480.82148766473
19.3617896412435 5795010.80237971 3293.52525942143 2495.67236086572
19.4133082871412 5795010.80237971 3293.52525942143 2495.67236086572
19.4630732003185 5794980.96049183 3308.43331876501 2510.60618939828
19.5146370746491 5794980.96049183 3308.43331876501 2510.60618939828
19.5644545487994 5794950.95194842 3323.42455637265 2525.62349520397
19.616063695462 5794950.95194842 3323.42455637265 2525.62349520397
19.6659337460001 5794920.77570135 3338.49949454716 2540.72480409712
19.7175882096878 5794920.77570135 3338.49949454716 2540.72480409712
19.7675108529083 5794890.43069474 3353.6586594545 2555.91064579854
19.8192106791114 5794890.43069474 3353.6586594545 2555.91064579854
19.8691859321917 5794859.91586487 3368.9025811573 2571.1815539695
19.9209311672004 5794859.91586487 3368.9025811573 2571.1815539695
19.9709590482029 5794829.2301401 3384.23179364867 2586.53806624617
20.0227497391103 5794829.2301401 3384.23179364867 2586.53806624617
20.072830266986 5794798.37244084 3399.64683488635 2601.98072427439
20.1246664616913 5794798.37244084 3399.64683488635 2601.98072427439
20.1747996562817 5794767.34167943 3415.14824682728 2617.51007374475
20.2266814034932 5794767.34167943 3415.14824682728 2617.51007374475
20.276867285534 5794736.13676011 3430.73657546243 2633.12666442811
20.3287946347724 5794736.13676011 3430.73657546243 2633.12666442811
20.379033225896 5794704.75657893 3446.41237085212 2648.83105021147
20.4310062274974 5794704.75657893 3446.41237085212 2648.83105021147
20.481297550236 5794673.2000237 3462.17618716157 2664.62378913419
20.5333162553556 5794673.2000237 3462.17618716157 2664.62378913419
20.5836603331443 5794641.46597388 3478.02858269695 2680.50544342464
20.6357247937592 5794641.46597388 3478.02858269695 2680.50544342464
20.6861216509391 5794609.55330052 3493.97011994175 2696.47657953719
20.7382319198521 5794609.55330052 3493.97011994175 2696.47657953719
20.7886815816735 5794577.46086622 3510.00136559348 2712.53776818964
20.8408377125164 5794577.46086622 3510.00136559348 2712.53776818964
20.8913402051419 5794545.187525 3526.12289060092 2728.689584401
20.9435422523789 5794545.187525 3526.12289060092 2728.689584401
20.994097602887 5794512.73212227 3542.33527020154 2744.93260752972
21.0463456218185 5794512.73212227 3542.33527020154 2744.93260752972
21.0969538582063 5794480.09349473 3558.63908395953 2761.26742131228
21.1492479049725 5794480.09349473 3558.63908395953 2761.26742131228
21.1999090561599 5794447.27047029 3575.03491580409 2777.69461390225
21.2522491877441 5794447.27047029 3575.03491580409 2777.69461390225
21.3029632835766 5794414.26186802 3591.52335406822 2794.21477790969
21.3553495578095 5794414.26186802 3591.52335406822 2794.21477790969
21.4061166290621 5794381.06649803 3608.10499152781 2810.82851044106
21.4585491046253 5794381.06649803 3608.10499152781 2810.82851044106
21.5093691830058 5794347.68316142 3624.7804254413 2827.53641313948
21.5618479194356 5794347.68316142 3624.7804254413 2827.53641313948
21.6127210375884 5794314.11065018 3641.55025758962 2844.3390922255
21.6652460952799 5794314.11065018 3641.55025758962 2844.3390922255
21.7161722867899 5794280.34774714 3658.41509431667 2861.23715853823
21.7687437270008 5794280.34774714 3658.41509431667 2861.23715853823
21.8197230263965 5794246.39322585 3675.37554657014 2878.23122757699
21.8723409112514 5794246.39322585 3675.37554657014 2878.23122757699
21.9233733540095 5794212.24585051 3692.43222994286 2895.32191954333
21.9760377465037 5794212.24585051 3692.43222994286 2895.32191954333
22.0271233690524 5794177.9043759 3709.58576471451 2912.50985938361
22.0798343330563 5794177.9043759 3709.58576471451 2912.50985938361
22.1309731727795 5794143.36754727 3726.83677589386 2929.79567683195
22.1837307730429 5794143.36754727 3726.83677589386 2929.79567683195
22.2349228682841 5794108.63410028 3744.18589326141 2947.18000645369
22.2877271704403 5794108.63410028 3744.18589326141 2947.18000645369
22.3389725605068 5794073.7027609 3761.63375141251 2964.66348768932
22.391823631077 5794073.7027609 3761.63375141251 2964.66348768932
22.4431223562439 5794038.5722453 3779.18098980096 2982.2467648989
22.4960202626417 5794038.5722453 3779.18098980096 2982.2467648989
22.5473723641561 5794003.24125981 3796.8282527831 2999.93048740693
22.6003171746921 5794003.24125981 3796.8282527831 2999.93048740693
22.6517226947776 5793967.70850079 3814.57618966229 3017.71530954777
22.7047144786637 5793967.70850079 3814.57618966229 3017.71530954777
22.7561734605243 5793931.97265455 3832.42545473403 3035.60189071151
22.8092122878787 5793931.97265455 3832.42545473403 3035.60189071151
22.8607247757037 5793896.03239728 3850.37670733142 3053.59089539038
22.9138107175553 5793896.03239728 3850.37670733142 3053.59089539038
22.9653767565232 5793859.8863949 3868.43061187125 3071.68299322566
23.0185098848166 5793859.8863949 3868.43061187125 3071.68299322566
23.0701295211003 5793823.53330304 3886.58783790048 3089.87885905508
23.1233099087004 5793823.53330304 3886.58783790048 3089.87885905508
23.1749831894714 5793786.9717669 3904.84906014332 3108.17917296082
23.2282109101685 5793786.9717669 3904.84906014332 3108.17917296082
23.2799378836015 5793750.20042113 3923.21495854881 3126.58462031797
23.3332130121164 5793750.20042113 3923.21495854881 3126.58462031797
23.3849937273944 5793713.21788982 3941.68621833889 3145.09589184358
23.4383163393833 5793713.21788982 3941.68621833889 3145.09589184358
23.490150846702 5793676.0227863 3960.26353005703 3163.71368364621
23.5435210187616 5793676.0227863 3960.26353005703 3163.71368364621
23.5954093693347 5793638.61371311 3978.94758961745 3182.43869727608
23.6488271790077 5793638.61371311 3978.94758961745 3182.43869727608
23.7007694250718 5793600.98926187 3997.73909835478 3201.2716397758
23.7542349508516 5793600.98926187 3997.73909835478 3201.2716397758
23.8062311456711 5793563.1480132 4016.63876307437 3220.21322373156
23.859744467008 5793563.1480132 4016.63876307437 3220.21322373156
23.9117946648802 5793525.08853657 4035.64729610311 3239.26416732505
23.9653558621863 5793525.08853657 4035.64729610311 3239.26416732505
24.0174601184467 5793486.80939027 4054.76541534086 3258.42519438584
24.0710692731015 5793486.80939027 4054.76541534086 3258.42519438584
24.1232276441291 5793448.30912124 4073.99384431242 3277.69703444443
24.1768848384852 5793448.30912124 4073.99384431242 3277.69703444443
24.2290973817081 5793409.58626499 4093.33331222011 3297.08042278585
24.2828026990967 5793409.58626499 4093.33331222011 3297.08042278585
24.3350694729969 5793370.6393455 4112.78455399694 3316.57610050394
24.3888229977341 5793370.6393455 4112.78455399694 3316.57610050394
24.4411440618535 5793331.46687508 4132.34831036036 3336.18481455615
24.4949458792454 5793331.46687508 4132.34831036036 3336.18481455615
24.5473212941916 5793292.06735432 4152.02532786668 3355.90731781903
24.6011714905408 5793292.06735432 4152.02532786668 3355.90731781903
24.6536013179922 5793252.43927189 4171.81635896599 3375.74436914436
24.7074999806035 5793252.43927189 4171.81635896599 3375.74436914436
24.7599842833156 5793212.58110453 4191.72216205788 3395.69673341593
24.8139315005024 5793212.58110453 4191.72216205788 3395.69673341593
24.8664703423132 5793172.49131685 4211.74350154762 3415.76518160687
24.9204662034036 5793172.49131685 4211.74350154762 3415.76518160687
24.9730596492398 5793132.16836126 4231.8811479031 3435.9504908378
25.0271042445827 5793132.16836126 4231.8811479031 3435.9504908378
25.079752360466 5793091.61067785 4252.13587771236 3456.25344443554
25.1338457814376 5793091.61067785 4252.13587771236 3456.25344443554
25.1865486344902 5793050.81669427 4272.50847374184 3476.67483199251
25.2406909735005 5793050.81669427 4272.50847374184 3476.67483199251
25.2934486319519 5793009.78482558 4292.99972499524 3497.21544942688
25.3476399824512 5793009.78482558 4292.99972499524 3497.21544942688
25.4004525156441 5792968.51347419 4313.61042677309 3517.87609904335
25.4546929721297 5792968.51347419 4313.61042677309 3517.87609904335
25.5075604505266 5792927.00102967 4334.34138073299 3538.65758959467
25.5618501085494 5792927.00102967 4334.34138073299 3538.65758959467
25.614772603739 5792885.24586871 4355.19339495061 3559.56073634389
25.6691115599106 5792885.24586871 4355.19339495061 3559.56073634389
25.7220891446144 5792843.24635489 4376.16728398131 3580.5863611273
25.7764774966138 5792843.24635489 4376.16728398131 3580.5863611273
25.8295102446927 5792801.00083866 4397.26386892254 3601.73529241816
25.8839480912735 5792801.00083866 4397.26386892254 3601.73529241816
25.9370360777348 5792758.50765713 4418.48397747694 3623.00836539111
25.991523518732 5792758.50765713 4418.48397747694 3623.00836539111
26.0446668197361 5792715.765134 4439.82844401619 3644.40642198743
26.0992039560737 5792715.765134 4439.82844401619 3644.40642198743
26.1524026489411 5792672.77157937 4461.29810964561 3665.93031098097
26.2069895826393 5792672.77157937 4461.29810964561 3665.93031098097
26.2602437458576 5792629.52528969 4482.89382226953 3687.58088804496
26.3148805800402 5792629.52528969 4482.89382226953 3687.58088804496
26.3681902932714 5792586.02454752 4504.6164366574 3709.35901581951
26.4228771321732 5792586.02454752 4504.6164366574 3709.35901581951
26.476242476261 5792542.26762151 4526.46681451069 3731.26556398002
26.5309794252359 5792542.26762151 4526.46681451069 3731.26556398002
26.5844004822127 5792498.25276616 4548.44582453061 3753.30140930631
26.6391876477409 5792498.25276616 4548.44582453061 3753.30140930631
26.692664500836 5792453.97822176 4570.55434248661 3775.46743575263
26.7475019905322 5792453.97822176 4570.55434248661 3775.46743575263
26.8010347241787 5792409.4422142 4592.7932512857 3797.76453451853
26.8559226467999 5792409.4422142 4592.7932512857 3797.76453451853
26.9095113466428 5792364.64295484 4615.16344104257 3820.19360412049
26.9644498120965 5792364.64295484 4615.16344104257 3820.19360412049
27.0180945650003 5792319.57864038 4637.66580915063 3842.7555504645
27.0730836843527 5792319.57864038 4637.66580915063 3842.7555504645
27.1267845784097 5792274.24745273 4660.30126035377 3865.4512869195
27.1818244638937 5792274.24745273 4660.30126035377 3865.4512869195
27.2355815884315 5792228.64755879 4683.07070681914 3888.28173439165
27.2906723534556 5792228.64755879 4683.07070681914 3888.28173439165
27.3444857990456 5792182.77711039 4705.97506821064 3911.24782139958
27.3996275582022 5792182.77711039 4705.97506821064 3911.24782139958
27.4534974166679 5792136.63424409 4729.01527176346 3934.35048415053
27.5086902857418 5792136.63424409 4729.01527176346 3934.35048415053
27.5626166501671 5792090.21708102 4752.19225235938 3957.59066661735
27.6178607461444 5792090.21708102 4752.19225235938 3957.59066661735
27.6718437108821 5792043.52372678 4775.50695260308 3980.96932061653
27.7271391519593 5792043.52372678 4775.50695260308 3980.96932061653
27.7811788126397 5791996.55227121 4798.96032289932 4004.48740588716
27.8365257182325 5791996.55227121 4798.96032289932 4004.48740588716
27.8906221717723 5791949.3007883 4822.55332153111 4028.14589017083
27.9460206625247 5791949.3007883 4822.55332153111 4028.14589017083
28.0001740071358 5791901.76733597 4846.28691473878 4051.94574929256
28.0556242049297 5791901.76733597 4846.28691473878 4051.94574929256
28.1098345401282 5791853.94995596 4870.16207680009 4075.88796724264
28.1653365680924 5791853.94995596 4870.16207680009 4075.88796724264
28.2196039947078 5791805.84667363 4894.17979011123 4099.97353625962
28.2751579772279 5791805.84667363 4894.17979011123 4099.97353625962
28.3294825974122 5791757.45549782 4918.3410452689 4124.20345691419
28.38508866014 5791757.45549782 4918.3410452689 4124.20345691419
28.4394705773774 5791708.77442065 4942.64684115335 4148.57873819419
28.4951288472409 5791708.77442065 4942.64684115335 4148.57873819419
28.5495681663571 5791659.8014174 4967.09818501251 4173.10039759065
28.6052787715704 5791659.8014174 4967.09818501251 4173.10039759065
28.6597755987423 5791610.53444627 4991.69609254706 4197.7694611849
28.7155386688157 5791610.53444627 4991.69609254706 4197.7694611849
28.7700931115814 5791560.97144827 5016.44158799667 4222.58696373679
28.8259087773314 5791560.97144827 5016.44158799667 4222.58696373679
28.8805209446 5791511.110347 5041.33570422725 4247.55394877397
28.9363893381601 5791511.110347 5041.33570422725 4247.55394877397
28.9910593402219 5791460.9490485 5066.37948281929 4272.67146868237
29.0469805950527 5791460.9490485 5066.37948281929 4272.67146868237
29.1017085435893 5791410.48544105 5091.57397415734 4297.94058479775
29.1576827944894 5791410.48544105 5091.57397415734 4297.94058479775
29.2124688025843 5791359.71739498 5116.92023752058 4323.36236749845
29.2684961857012 5791359.71739498 5116.92023752058 4323.36236749845
29.3233403678501 5791308.64276253 5142.41934117457 4348.93789629928
29.3794210206909 5791308.64276253 5142.41934117457 4348.93789629928
29.4343234928126 5791257.25937759 5168.07236246411 4374.66825994667
29.4904575542554 5791257.25937759 5168.07236246411 4374.66825994667
29.5454184337025 5791205.56505558 5193.88038790731 4400.55455651494
29.6016060440076 5791205.56505558 5193.88038790731 4400.55455651494
29.6566254495777 5791153.55759321 5219.84451329085 4426.59789350388
29.7128667503987 5791153.55759321 5219.84451329085 4426.59789350388
29.7679448023454 5791101.2347683 5245.96584376643 4452.79938793754
29.8242399367414 5791101.2347683 5245.96584376643 4452.79938793754
29.8793767567857 5791048.59433959 5272.24549394851 4479.16016646431
29.9357258692326 5791048.59433959 5272.24549394851 4479.16016646431
29.9909215805745 5790995.63404653 5298.68458801318 4505.68136545825
30.0473248169772 5790995.63404653 5298.68458801318 4505.68136545825
30.102579544307 5790942.35160908 5325.28425979847 4532.36413112179
30.1590370520114 5790942.35160908 5325.28425979847 4532.36413112179
30.2143509215219 5790888.74472751 5352.04565290578 4559.2096195897
30.2708628493271 5790888.74472751 5352.04565290578 4559.2096195897
30.3262359887256 5790834.81108216 5378.96992080275 4586.21899703445
30.3828024868966 5790834.81108216 5378.96992080275 4586.21899703445
30.4382350254166 5790780.5483333 5406.05822692735 4613.39343977292
30.4948562456968 5790780.5483333 5406.05822692735 4613.39343977292
30.550348314111 5790725.95412083 5433.31174479343 4640.73413437455
30.6070244097347 5790725.95412083 5433.31174479343 4640.73413437455
30.6625761403672 5790671.02606413 5460.73165809755 4668.2422777708
30.7193072660732 5790671.02606413 5460.73165809755 4668.2422777708
30.7749187928121 5790615.76176181 5488.31916082726 4695.91907736615
30.8317051048565 5790615.76176181 5488.31916082726 4695.91907736615
30.8873765631669 5790560.15879148 5516.07545737075 4723.76575115055
30.9442182193366 5790560.15879148 5516.07545737075 4723.76575115055
30.999949746274 5790504.21470956 5544.001762628 4751.78352781329
31.0568469059 5790504.21470956 5544.001762628 4751.78352781329
31.1126386401231 5790447.92705102 5572.09930212332 4779.97364685843
31.1695914640947 5790447.92705102 5572.09930212332 4779.97364685843
31.2254435458791 5790391.29332916 5600.36931211941 4808.33735872173
31.2824521966575 5790391.29332916 5600.36931211941 4808.33735872173
31.3383647679096 5790334.31103538 5628.81303973296 4836.87592488921
31.3954294095422 5790334.31103538 5628.81303973296 4836.87592488921
31.4514026138126 5790276.97763893 5657.4317430517 4865.59061801718
31.5085234119474 5790276.97763893 5657.4317430517 4865.59061801718
31.5645573944453 5790219.2905867 5686.22669125309 4894.48272205393
31.6217345163454 5790219.2905867 5686.22669125309 4894.48272205393
31.6778294239529 5790161.24730291 5715.19916472452 4923.55353236312
31.7350630385113 5790161.24730291 5715.19916472452 4923.55353236312
31.7912190197977 5790102.84518897 5744.35045518519 4952.8043558487
31.8485092975525 5790102.84518897 5744.35045518519 4952.8043558487
31.9047265027892 5790044.08162311 5773.68186580955 4982.2365110816
31.9620736159384 5790044.08162311 5773.68186580955 4982.2365110816
32.0183521971137 5789984.95396022 5803.19471135245 5011.85132842813
32.0757563195311 5789984.95396022 5803.19471135245 5011.85132842813
32.1320964303655 5789925.45953155 5832.89031827599 5041.65015018013
32.189557737616 5789925.45953155 5832.89031827599 5041.65015018013
32.2459595335775 5789865.59564444 5862.770024878 5071.6343306868
32.3034782029332 5789865.59564444 5862.770024878 5071.6343306868
32.3599418412529 5789805.35958209 5892.83518142235 5101.80523648849
32.4175180517094 5789805.35958209 5892.83518142235 5101.80523648849
32.4740436913973 5789744.74860328 5923.08715027103 5132.16424645216
32.5316776236896 5789744.74860328 5923.08715027103 5132.16424645216
32.5882654255508 5789683.75994208 5953.52730601794 5162.71275190883
32.6459572621703 5789683.75994208 5953.52730601794 5162.71275190883
32.7026073888214 5789622.39080758 5984.15703562462 5193.45215679281
32.7603573140327 5789622.39080758 5984.15703562462 5193.45215679281
32.8170699299179 5789560.63838366 6014.97773855779 5224.38387778298
32.8748781297758 5789560.63838366 6014.97773855779 5224.38387778298
32.9316534011843 5789498.49982863 6045.99082692876 5255.50934444587
32.9895200635513 5789498.49982863 6045.99082692876 5255.50934444587
33.0463581586341 5789435.97227499 6077.19772563484 5286.8299993809
33.1042834731979 5789435.97227499 6077.19772563484 5286.8299993809
33.1611845619852 5789373.05282913 6108.5998725026 5318.3472983675
33.2191687202767 5789373.05282913 6108.5998725026 5318.3472983675
33.2761329746953 5789309.73857105 6140.19871843321 5350.06271051436
33.3341761701066 5789309.73857105 6140.19871843321 5350.06271051436
33.391203763998 5789246.02655404 6171.99572754978 5381.97771841077
33.4493061918012 5789246.02655404 6171.99572754978 5381.97771841077
33.5063973009396 5789181.91380438 6203.99237734674 5414.09381828006
33.564559158305 5789181.91380438 6203.99237734674 5414.09381828006
33.6217139604158 5789117.39732103 6236.19015884129 5446.41252013522
33.6799354464312 5789117.39732103 6236.19015884129 5446.41252013522
33.7371541212097 5789052.47407534 6268.59057672707 5478.93534793672
33.7954354368996 5789052.47407534 6268.59057672707 5478.93534793672
33.8527181660298 5788987.14101072 6301.19514952987 5511.66383975257
33.9110595143751 5788987.14101072 6301.19514952987 5511.66383975257
33.9684064815492 5788921.39504232 6334.00540976566 5544.59954792066
34.0268080675068 5788921.39504232 6334.00540976566 5544.59954792066
34.0842194584446 5788855.23305669 6367.02290410078 5577.74403921341
34.1426814889679 5788855.23305669 6367.02290410078 5577.74403921341
34.2001574914366 5788788.65191148 6400.24919351444 5611.09889500479
34.2586801754959 5788788.65191148 6400.24919351444 5611.09889500479
34.3162209793306 5788721.6484351 6433.68585346353 5644.6657114397
34.3748045279334 5788721.6484351 6433.68585346353 5644.6657114397
34.4324103250573 5788654.21942635 6467.33447404981 5678.44609960588
34.4910549512702 5788654.21942635 6467.33447404981 5678.44609960588
34.5487259357156 5788586.3616541 6501.19666018947 5712.44168570819
34.6074318546851 5788586.3616541 6501.19666018947 5712.44168570819
34.6651682226144 5788518.07185697 6535.27403178514 5746.6541112455
34.7239356515891 5788518.07185697 6535.27403178514 5746.6541112455
34.7817376013161 5788449.34674291 6569.5682239004 5781.08503319013
34.8405667596686 5788449.34674291 6569.5682239004 5781.08503319013
34.8984344916808 5788380.1829889 6604.08088693683 5815.73612416988
34.9573256009301 5788380.1829889 6604.08088693683 5815.73612416988
35.0152593179102 5788310.57724054 6638.81368681357 5850.60907265277
35.0742126017448 5788310.57724054 6638.81368681357 5850.60907265277
35.1322125085938 5788240.52611172 6673.76830514959 5885.70558313448
35.1912281928944 5788240.52611172 6673.76830514959 5885.70558313448
35.249294496754 5788170.02618423 6708.94643944856 5921.02737632852
35.3083728096174 5788170.02618423 6708.94643944856 5921.02737632852
35.3665057198934 5788099.07400736 6744.34980328644 5956.57618935923
35.4256468916562 5788099.07400736 6744.34980328644 5956.57618935923
35.4838466200422 5788027.66609754 6779.98012650188 5992.35377595768
35.5430508833051 5788027.66609754 6779.98012650188 5992.35377595768
35.6013176438062 5787955.79893795 6815.8391553894 6028.3619066604
35.6605852334586 5787955.79893795 6815.8391553894 6028.3619066604
35.7189192424157 5787883.4689781 6851.92865289539 6064.60236901116
35.778250395661 5787883.4689781 6851.92865289539 6064.60236901116
35.8366518717759 5787810.67263342 6888.25039881715 6101.07696776574
35.8960468281566 5787810.67263342 6888.25039881715 6101.07696776574
35.9545159925167 5787737.4062849 6924.80619000475 6137.78752509972
36.0139749939404 5787737.4062849 6924.80619000475 6137.78752509972
36.0725120700445 5787663.66627862 6961.59784056601 6174.73588081953
36.1320353608101 5787663.66627862 6961.59784056601 6174.73588081953
36.1906405745941 5787589.44892535 6998.62718207455 6211.92389257654
36.2502284014186 5787589.44892535 6998.62718207455 6211.92389257654
36.3089019812822 5787514.75050014 7035.89606378094 6249.35343608452
36.3685545933276 5787514.75050014 7035.89606378094 6249.35343608452
36.4272967701607 5787439.56724184 7073.40635282707 6287.02640534034
36.4870144190619 5787439.56724184 7073.40635282707 6287.02640534034
36.545825426272 5787363.89535269 7111.15993446377 6324.94471284807
36.6056083661643 5787363.89535269 7111.15993446377 6324.94471284807
36.6644884397043 5787287.73099788 7149.15871227172 6363.11028984652
36.7243369272521 5787287.73099788 7149.15871227172 6363.11028984652
36.7832863056482 5787211.07030508 7187.40460838578 6401.52508654025
36.843200600074 5787211.07030508 7187.40460838578 6401.52508654025
36.9022195244544 5787133.90936395 7225.89956372271 6440.19107233414
36.9621998875681 5787133.90936395 7225.89956372271 6440.19107233414
37.021288601692 5787056.24422572 7264.64553821245 6479.11023607169
37.0813352979206 5787056.24422572 7264.64553821245 6479.11023607169
37.1404940482077 5786978.07090269 7303.6445110329 6518.28458627684
37.200607344626 5786978.07090269 7303.6445110329 6518.28458627684
37.2598363801866 5786899.38536775 7342.89848084838 6557.71615139977
37.3200165465475 5786899.38536775 7342.89848084838 6557.71615139977
37.3793161192131 5786820.18355388 7382.40946605182 6597.40698006635
37.4395634279797 5786820.18355388 7382.40946605182 6597.40698006635
37.4989337923337 5786740.46135366 7422.17950501067 6637.35914133166
37.5592485187106 5786740.46135366 7422.17950501067 6637.35914133166
37.6186899321203 5786660.21461875 7462.21065631669 6677.57472493742
37.6790723540861 5786660.21461875 7462.21065631669 6677.57472493742
37.7385850767345 5786579.43915939 7502.50499903968 6718.05584157349
37.7990354750749 5786579.43915939 7502.50499903968 6718.05584157349
37.8586197699934 5786498.13074387 7543.06463298517 6758.80462314357
37.9191384283348 5786498.13074387 7543.06463298517 6758.80462314357
37.9787945614362 5786416.28509801 7583.89167895621 6799.8232230351
38.0393817662796 5786416.28509801 7583.89167895621 6799.8232230351
38.0991100063922 5786333.89790459 7624.98827901934 6841.11381639344
38.1597660471478 5786333.89790459 7624.98827901934 6841.11381639344
38.2195666660494 5786250.96480283 7666.35659677474 6882.67860040052
38.2802918350719 5786250.96480283 7666.35659677474 6882.67860040052
38.3401651075249 5786167.48138781 7707.99881763076 6924.51979455789
38.4009597001495 5786167.48138781 7707.99881763076 6924.51979455789
38.4609059039362 5786083.44320995 7749.91714908283 6966.63964097443
38.5217702185148 5786083.44320995 7749.91714908283 6966.63964097443
38.5817896344736 5785998.84577435 7792.11382099684 7009.04040465866
38.642723972412 5785998.84577435 7792.11382099684 7009.04040465866
38.7028168844743 5785913.68454029 7834.59108589714 7051.72437381582
38.7638215502699 5785913.68454029 7834.59108589714 7051.72437381582
38.8239882454972 5785827.95492059 7877.35121925922 7094.69386014983
38.8850635467772 5785827.95492059 7877.35121925922 7094.69386014983
38.9453043153993 5785741.65228103 7920.3965198071 7137.95119917013
39.0064505629601 5785741.65228103 7920.3965198071 7137.95119917013
39.0667656984135 5785654.77193968 7963.72930981567 7181.49875050369
39.1279832062601 5785654.77193968 7963.72930981567 7181.49875050369
39.1883730052278 5785567.30916637 8007.35193541787 7225.33889821203
39.2496620906142 5785567.30916637 8007.35193541787 7225.33889821203
39.3101268530653 5785479.25918197 8051.26676691708 7269.47405111359
39.3714878365356 5785479.25918197 8051.26676691708 7269.47405111359
39.4320278657665 5785390.61715779 8095.47619910454 7313.90664311144
39.4934610711969 5785390.61715779 8095.47619910454 7313.90664311144
39.5540766738724 5785301.37821489 8139.98265158213 7358.63913352645
39.6155824285136 5785301.37821489 8139.98265158213 7358.63913352645
39.6762739147091 5785211.53742348 8184.78856909049 7403.67400743606
39.7378525492296 5785211.53742348 8184.78856909049 7403.67400743606
39.7986202324745 5785121.08980214 8229.8964218426 7449.01377601874
39.8602720810048 5785121.08980214 8229.8964218426 7449.01377601874
39.9211162783257 5785030.03031724 8275.30870586304 7494.66097690428
39.9828416785032 5785030.03031724 8275.30870586304 7494.66097690428
40.0437627104688 5784938.35388214 8321.0279433329 7540.61817452999
40.1055620034831 5784938.35388214 8321.0279433329 7540.61817452999
40.1665601942493 5784846.05535656 8367.05668294055 7586.88796050305
40.2284337248891 5784846.05535656 8367.05668294055 7586.88796050305
40.2895094022452 5784753.1295458 8413.39750023837 7633.4729539689
40.3514575189457 5784753.1295458 8413.39750023837 7633.4729539689
40.4126110143615 5784659.57120001 8460.05299800554 7680.37580198612
40.474634069252 5784659.57120001 8460.05299800554 7680.37580198612
40.5358657179253 5784565.37501348 8507.0258066171 7727.59917990766
40.5979640668791 5784565.37501348 8507.0258066171 7727.59917990766
40.6592742077848 5784470.53562382 8554.31858441931 7775.14579176867
40.7214482104682 5784470.53562382 8554.31858441931 7775.14579176867
40.7828371864077 5784375.04761121 8601.93401811146 7823.01837068112
40.8450872063318 5784375.04761121 8601.93401811146 7823.01837068112
40.9065553639836 5784278.90549763 8649.87482313438 7871.21967923526
40.9688817685554 5784278.90549763 8649.87482313438 7871.21967923526
41.0304294585263 5784182.10374603 8698.14374406561 7919.75250990805
41.092832619102 5784182.10374603 8698.14374406561 7919.75250990805
41.1544601959798 5784084.6367595 8746.74355502157 7968.61968547894
41.2169404879181 5784084.6367595 8746.74355502157 7968.61968547894
41.278648310325 5783986.49888049 8795.67706006674 8017.82405945275
41.3412061130423 5783986.49888049 8795.67706006674 8017.82405945275
41.4029945436889 5783887.68438988 8844.94709362999 8067.36851649024
41.4656302407146 5783887.68438988 8844.94709362999 8067.36851649024
41.5274996464559 5783788.18750623 8894.55652092839 8117.25597284624
41.5902136254894 5783788.18750623 8894.55652092839 8117.25597284624
41.6521643773807 5783688.00238479 8944.50823839844 8167.48937681564
41.7149570303496 5783688.00238479 8944.50823839844 8167.48937681564
41.7769895037044 5783587.12311668 8994.80517413508 8218.07170918733
41.839861226823 5783587.12311668 8994.80517413508 8218.07170918733
41.9019758012714 5783485.54372796 9045.45028833845 8269.00598370639
41.9649269951011 5783485.54372796 9045.45028833845 8269.00598370639
42.0271240546497 5783383.25817869 9096.44657376883 8320.29524754461
42.09015512416 5783383.25817869 9096.44657376883 8320.29524754461
42.1524350572526 5783280.26036202 9147.79705620964 8371.94258177949
42.2155464118841 5783280.26036202 9147.79705620964 8371.94258177949
42.2779096114638 5783176.54410318 9199.50479493896 8423.95110188209
42.341101665191 5783176.54410318 9199.50479493896 8423.95110188209
42.4035485287638 5783072.10315858 9251.57288320955 8476.32395821372
42.4668217001607 5783072.10315858 9251.57288320955 8476.32395821372
42.5293526298594 5782966.93121474 9304.00444873774 8529.06433653184
42.5927073421652 5782966.93121474 9304.00444873774 8529.06433653184
42.6553227448158 5782861.0218873 9356.80265420119 8582.17545850522
42.7187594260023 5782861.0218873 9356.80265420119 8582.17545850522
42.7814597131904 5782754.36872002 9409.97069774595 8635.66058223876
42.844978796031 5782754.36872002 9409.97069774595 8635.66058223876
42.9077643841709 5782646.96518369 9463.51181350281 8689.52300280801
42.9713663063105 5782646.96518369 9463.51181350281 8689.52300280801
43.0342376167139 5782538.80467509 9517.42927211335 8743.76605280371
43.0979228207404 5782538.80467509 9517.42927211335 8743.76605280371
43.1608802796887 5782429.88051585 9571.72638126576 8798.39310288658
43.2246492132057 5782429.88051585 9571.72638126576 8798.39310288658
43.2876932520215 5782320.18595141 9626.40648624075 8853.40756235263
43.3515463677232 5782320.18595141 9626.40648624075 8853.40756235263
43.4146774228447 5782209.71414983 9681.47297046777 8908.81287970904
43.478615178591 5782209.71414983 9681.47297046777 8908.81287970904
43.5418336916477 5782098.45820065 9736.92925609171 8964.61254326122
43.605856550542 5782098.45820065 9736.92925609171 8964.61254326122
43.6691629684312 5781986.41111374 9792.77880455047 9020.81008171092
43.7332713988993 5781986.41111374 9792.77880455047 9020.81008171092
43.7966661738648 5781873.56581808 9849.0251171635 9077.40906476593
43.8608606497352 5781873.56581808 9849.0251171635 9077.40906476593
43.9243442394477 5781759.91516051 9905.67173573166 9134.41310376152
43.9886252400339 5781759.91516051 9905.67173573166 9134.41310376152
44.0521981076726 5781645.45190456 9962.72224314869 9191.82585229399
44.116566117857 5781645.45190456 9962.72224314869 9191.82585229399
44.180228732193 5781530.16872911 10020.1802640245 9249.65100686645
44.2446842425123 5781530.16872911 10020.1802640245 9249.65100686645
44.3084370779939 5781414.05822714 10078.0494653206 9307.89230754735
44.3729805847266 5781414.05822714 10078.0494653206 9307.89230754735
44.4368241215662 5781297.11290437 10136.3335569979 9366.55353864192
44.5014561268217 5781297.11290437 10136.3335569979 9366.55353864192
44.5653908510848 5781179.32517795 10195.0362926774 9425.63852937685
44.6301118628943 5781179.32517795 10195.0362926774 9425.63852937685
44.6941382665899 5781060.68737509 10254.1614703138 9485.15115459861
44.7589487989996 5781060.68737509 10254.1614703138 9485.15115459861
44.8230673801729 5780941.19173164 10313.7129328825 9545.09533548566
44.8879679533385 5780941.19173164 10313.7129328825 9545.09533548566
44.9521792161654 5780820.83039065 10373.6945690802 9605.47504027493
45.0171703564493 5780820.83039065 10373.6945690802 9605.47504027493
45.0814748113328 5780699.59540096 10434.1103140399 9666.29428500296
45.1465570514029 5780699.59540096 10434.1103140399 9666.29428500296
45.2109552150721 5780577.47871569 10494.9641500597 9727.557134262
45.2761290940029 5780577.47871569 10494.9641500597 9727.557134262
45.3406214896131 5780454.47219069 10556.260107347 9789.2677019715
45.405887552989 5780454.47219069 10556.260107347 9789.2677019715
45.4704747102252 5780330.56758306 10618.0022647772 9851.43015216532
45.5358335102459 5780330.56758306 10618.0022647772 9851.43015216532
45.6005159654274 5780205.75654954 10680.1947506682 9914.04869979519
45.6659680610156 5780205.75654954 10680.1947506682 9914.04869979519
45.7307463572039 5780080.03064489 10742.8417435712 9977.1276115506
45.7962923141156 5780080.03064489 10742.8417435712 9977.1276115506
45.8611670012238 5779953.38132023 10805.947473077 10040.6712066958
45.9268073921606 5779953.38132023 10805.947473077 10040.6712066958
45.9917790270657 5779825.79992144 10869.5162206393 10104.6838579243
46.0575144317898 5779825.79992144 10869.5162206393 10104.6838579243
46.1225835784475 5779697.27768736 10933.5523204158 10169.1699922309
46.1884145838996 5779697.27768736 10933.5523204158 10169.1699922309
46.2535818134611 5779567.80574808 10998.0601601259 10234.1340918026
46.3195090138802 5779567.80574808 10998.0601601259 10234.1340918026
46.3847749048127 5779437.37512315 11063.0441819271 10299.5806949281
46.450798901859 5779437.37512315 11063.0441819271 10299.5806949281
46.5161640400675 5779305.97671977 11128.5088833099 10365.5143969261
46.582285442948 5779305.97671977 11128.5088833099 10365.5143969261
46.6477504219012 5779173.6013309 11194.4588180113 10431.9398510947
46.7139698474985 5779173.6013309 11194.4588180113 10431.9398510947
46.7795352683566 5779040.23963338 11260.8985969485 10498.8617696799
46.8458533413597 5779040.23963338 11260.8985969485 10498.8617696799
46.9115198131055 5778905.88218597 11327.832889172 10566.2849248656
46.9779371661445 5778905.88218597 11327.832889172 10566.2849248656
47.0437053057175 5778770.51942738 11395.2664228397 10634.2141497853
47.1102225795011 5778770.51942738 11395.2664228397 10634.2141497853
47.1760930119349 5778634.14167424 11463.2039862119 10702.654339555
47.2427108553909 5778634.14167424 11463.2039862119 10702.654339555
47.3086842139531 5778496.73911901 11531.6504286685 10771.6104523302
47.3754032843723 5778496.73911901 11531.6504286685 10771.6104523302
47.4414802107083 5778358.30182788 11600.6106617476 10841.0875103843
47.5083011738918 5778358.30182788 11600.6106617476 10841.0875103843
47.5744823181719 5778218.81973859 11670.0896602081 10911.0906012128
47.6414058485818 5778218.81973859 11670.0896602081 10911.0906012128
47.7076918696514 5778078.28265823 11740.092463115 10981.6248786606
47.774718650565 5778078.28265823 11740.092463115 10981.6248786606
47.8411102160991 5777936.68026098 11810.6241749494 11052.6955640755
47.9082409397667 5777936.68026098 11810.6241749494 11052.6955640755
47.9747387264268 5777794.00208578 11881.6899667433 11124.3079474873
48.0419740942337 5777794.00208578 11881.6899667433 11124.3079474873
48.1085787878298 5777650.23753395 11953.2950772398 11196.4673888136
48.1759195104617 5777650.23753395 11953.2950772398 11196.4673888136
48.2426318061175 5777505.37586684 12025.4448140797 11269.179319093
48.3100786037298 5777505.37586684 12025.4448140797 11269.179319093
48.3768992060521 5777359.40620325 12098.1445550154 11342.4492417469
48.4444528084439 5777359.40620325 12098.1445550154 11342.4492417469
48.5113824316959 5777212.31751699 12171.3997491522 11416.2827338697
48.5790435784878 5777212.31751699 12171.3997491522 11416.2827338697
48.6460829467667 5777064.09863424 12245.2159182187 11490.6854475497
48.713852387583 5777064.09863424 12245.2159182187 11490.6854475497
48.7810022350025 5776914.73823092 12319.5986578658 11565.6631112199
48.848880729658 5776914.73823092 12319.5986578658 11565.6631112199
48.9161418005344 5776764.22482997 12394.5536389974 11641.2215310412
48.9841301192257 5776764.22482997 12394.5536389974 11641.2215310412
49.0515031682697 5776612.54679856 12470.0866091311 11717.3665923174
49.1196020917714 5776612.54679856 12470.0866091311 11717.3665923174
49.1870878842835 5776459.69234527 12546.2033937911 11794.1042609445
49.2552982041493 5776459.69234527 12546.2033937911 11794.1042609445
49.3228975162213 5776305.64951718 12622.909897935 11871.440584894
49.3912200349901 5776305.64951718 12622.909897935 11871.440584894
49.4589336537108 5776150.40619686 12700.212107414 11949.3816957319
49.5273691851183 5776150.40619686 12700.212107414 11949.3816957319
49.5951979087849 5775993.95009937 12778.1160904678 12027.9338101742
49.66374727798 5775993.95009937 12778.1160904678 12027.9338101742
49.7316919163152 5775836.26876907 12856.6279992566 12107.1032316803
49.8003559600826 5775836.26876907 12856.6279992566 12107.1032316803
49.8684173344562 5775677.34957649 12935.7540714297 12186.8963520853
49.9371969014448 5775677.34957649 12935.7540714297 12186.8963520853
50.0053758451024 5775517.17971501 13015.5006317322 12267.319653272
50.0742717960586 5775517.17971501 13015.5006317322 12267.319653272
50.1425691543554 5775355.74619747 13095.8740936522 12348.3797088846
50.2115823623639 5775355.74619747 13095.8740936522 12348.3797088846
50.2799989930052 5775193.03585282 13176.8809611072 12430.0831860844
50.3491303437353 5775193.03585282 13176.8809611072 12430.0831860844
50.4176671170225 5775029.03532249 13258.5278301743 12512.4368473503
50.4869175089809 5775029.03532249 13258.5278301743 12512.4368473503
50.5555753080651 5774863.73105682 13340.8213908623 12595.4475523233
50.6249456528561 5774863.73105682 13340.8213908623 12595.4475523233
50.6937253739978 5774697.10931138 13423.7684289292 12679.1222596989
50.7632165965894 5774697.10931138 13423.7684289292 12679.1222596989
50.8321191494254 5774529.1561431 13507.3758277455 12763.4680291668
50.9017321884241 5774529.1561431 13507.3758277455 12763.4680291668
50.9707584962416 5774359.8574064 13591.6505702052 12848.4920234006
51.0404943041727 5774359.8574064 13591.6505702052 12848.4920234006
51.1096453041909 5774189.19874922 13676.5997406859 12934.2015100989
51.1795048477885 5774189.19874922 13676.5997406859 12934.2015100989
51.2487814914479 5774017.16560887 13762.2305270595 13020.6038640791
51.3187657519514 5774017.16560887 13762.2305270595 13020.6038640791
51.3881690052113 5773843.74320783 13848.5502227553 13107.706569426
51.4582789786707 5773843.74320783 13848.5502227553 13107.706569426
51.5278098223145 5773668.91654944 13935.5662288768 13195.5172216967
51.5980465199041 5773668.91654944 13935.5662288768 13195.5172216967
51.6677059498536 5773492.67041345 14023.2860563751 13284.0435301843
51.7380703981948 5773492.67041345 14023.2860563751 13284.0435301843
51.8078594258331 5773314.98935149 14111.717328279 13373.2933202412
51.8783526673257 5773314.98935149 14111.717328279 13373.2933202412
51.9482723198295 5773135.85768236 14200.8677819854 13463.2745356648
52.018895412993 5773135.85768236 14200.8677819854 13463.2745356648
52.088946733674 5772955.25948725 14290.7452716109 13553.9952411483
52.1597007534984 5772955.25948725 14290.7452716109 13553.9952411483
52.2298848021549 5772773.17860481 14381.3577704071 13645.4636247968
52.3007708404614 5772773.17860481 14381.3577704071 13645.4636247968
52.3710886937399 5772589.59862605 14472.713373242 13737.6880007131
52.4421078595527 5772589.59862605 14472.713373242 13737.6880007131
52.5125606113198 5772404.50288921 14564.8202991493 13830.6768116547
52.5837140312482 5772404.50288921 14564.8202991493 13830.6768116547
52.654302792974 5772217.8744743 14657.6868939481 13924.4386317636
52.7255916116057 5772217.8744743 14657.6868939481 13924.4386317636
52.796317512758 5772029.6961977 14751.3216329355 14018.9821693733
52.8677428930643 5772029.6961977 14751.3216329355 14018.9821693733
52.9386070815146 5771839.95060646 14845.7331236547 14114.316269894
53.0101702052679 5771839.95060646 14845.7331236547 14114.316269894
53.08117384771 5771648.61997249 14940.9301087417 14210.4499187796
53.1528759159133 5771648.61997249 14940.9301087417 14210.4499187796
53.2240201982936 5771455.68628658 15036.9214688515 14307.3922445794
53.2958624316233 5771455.68628658 15036.9214688515 14307.3922445794
53.3671485595851 5771261.13125226 15133.71622567 14405.1525220771
53.4391321988472 5771261.13125226 15133.71622567 14405.1525220771
53.5105613981883 5771064.93627948 15231.323545011 14503.740175521
53.5826877047888 5771064.93627948 15231.323545011 14503.740175521
53.6542612219328 5770867.08247806 15329.752740004 14603.1647819477
53.7265314783623 5770867.08247806 15329.752740004 14603.1647819477
53.7982505808452 5770667.55065103 15429.0132743754 14703.4360746036
53.8706660911785 5770667.55065103 15429.0132743754 14703.4360746036
53.94253206815 5770466.32128772 15529.1147658256 14804.5639464676
54.0150941585621 5770466.32128772 15529.1147658256 14804.5639464676
54.0871083213027 5770263.37455662 15630.0669895076 14906.5584538778
54.1598183406002 5770263.37455662 15630.0669895076 14906.5584538778
54.2319820230552 5770058.69029813 15731.8798816079 15009.4298202687
54.3048413432253 5770058.69029813 15731.8798816079 15009.4298202687
54.377155902555 5769852.24801695 15834.5635430374 15113.1884400189
54.4501659193317 5769852.24801695 15834.5635430374 15113.1884400189
54.5226327364804 5769644.02687436 15938.1282432325 15217.8448824183
54.5957948699288 5769644.02687436 15938.1282432325 15217.8448824183
54.6684153502112 5769434.00568018 16042.5844240738 15323.4098957552
54.7417310453318 5769434.00568018 16042.5844240738 15323.4098957552
54.8145066190395 5769222.16288455 16147.9427039251 15429.8944115307
54.8879773463907 5769222.16288455 16147.9427039251 15429.8944115307
54.960909469418 5769008.47656941 16254.2138817979 15537.3095488038
55.0345367257611 5769008.47656941 16254.2138817979 15537.3095488038
55.1076268802516 5768792.92443969 16361.4089416466 15645.6666186737
55.1814121892157 5768792.92443969 16361.4089416466 15645.6666186737
55.2546618842314 5768575.48381431 16469.5390567995 15754.9771289027
55.3286067970014 5768575.48381431 16469.5390567995 15754.9771289027
55.4020175692132 5768356.13161679 16578.6155945299 15865.252788688
55.4761236652407 5768356.13161679 16578.6155945299 15865.252788688
55.5496970796431 5768134.84436565 16688.6501207752 15976.5055135854
55.6239659673822 5768134.84436565 16688.6501207752 15976.5055135854
55.6977036180323 5767911.59816441 16799.6544050075 16088.7474305938
55.7721369357001 5767911.59816441 16799.6544050075 16088.7474305938
55.8460404464821 5767686.36869134 16911.6404252638 16201.9908834052
55.9206398628455 5767686.36869134 16911.6404252638 16201.9908834052
55.9947108882621 5767459.13118884 17024.6203733413 16316.248437828
56.0694781034526 5767459.13118884 17024.6203733413 16316.248437828
56.1437183294437 5767229.86045245 17138.6066601648 16431.5328873897
56.2186550758006 5767229.86045245 17138.6066601648 16431.5328873897
56.2930662205914 5766998.53081955 17253.6119213341 16547.8572591288
56.3681742635353 5766998.53081955 17253.6119213341 16547.8572591288
56.4427580785144 5766765.11615757 17369.6490228582 16665.2348195804
56.5180392174512 5766765.11615757 17369.6490228582 16665.2348195804
56.5927974880808 5766529.58985196 17486.731067084 16783.6790809673
56.6682535573395 5766529.58985196 17486.731067084 16783.6790809673
56.7431881040981 5766291.92479358 17604.8713988299 16903.2038076034
56.8188209739019 5766291.92479358 17604.8713988299 16903.2038076034
56.8939336532617 5766052.09336576 17724.0836117297 17023.8230225185
56.9697452307352 5766052.09336576 17724.0836117297 17023.8230225185
57.045037936176 5765810.06743089 17844.3815547999 17145.5510143154
57.1210301663897 5765810.06743089 17844.3815547999 17145.5510143154
57.1965048294501 5765565.8183165 17965.7793392367 17268.4023442688
57.2726796965041 5765565.8183165 17965.7793392367 17268.4023442688
57.3483382878723 5765319.31680088 18088.2913454562 17392.3918536766
57.4246978160206 5765319.31680088 18088.2913454562 17392.3918536766
57.5005423466669 5765070.53309815 18211.9322303855 17517.5346714755
57.5770886014851 5765070.53309815 18211.9322303855 17517.5346714755
57.6531211238375 5764819.43684286 18336.7169350187 17643.8462221323
57.7298562134345 5764819.43684286 18336.7169350187 17643.8462221323
57.8060788225999 5764565.99707394 18462.6606922489 17771.3422338241
57.8830048988774 5764565.99707394 18462.6606922489 17771.3422338241
57.95941973391 5764310.1822181 18589.7790349885 17900.0387469204
58.0365389938712 5764310.1822181 18589.7790349885 17900.0387469204
58.1131482390915 5764051.96007264 18718.0878045919 18029.952122781
58.190462926201 5764051.96007264 18718.0878045919 18029.952122781
58.2672688125664 5763791.29778753 18847.6031595947 18161.0990528851
58.3447812181649 5763791.29778753 18847.6031595947 18161.0990528851
58.4217860246959 5763528.16184692 18978.3415847847 18293.4965683071
58.4994984894715 5763528.16184692 18978.3415847847 18293.4965683071
58.576704544735 5763262.51804984 19110.3199006194 18427.1620495553
58.6546194602546 5763262.51804984 19110.3199006194 18427.1620495553
58.7320291439088 5762994.33149021 19243.5552730089 18562.113236792
58.8101489542119 5762994.33149021 19243.5552730089 18562.113236792
58.8877646986136 5762723.56653608 19378.06522348 18698.3682404525
58.9660919018728 5762723.56653608 19378.06522348 18698.3682404525
59.0439161937528 5762450.18680798 19513.8676397416 18835.9455522841
59.1224533440031 5762450.18680798 19513.8676397416 18835.9455522841
59.2004887262113 5762174.15515651 19650.9807866712 18974.8640568249
59.2792384351531 5762174.15515651 19650.9807866712 18974.8640568249
59.3574875084785 5761895.43363892 19789.4233177436 19115.143043345
59.436452447357 5761895.43363892 19789.4233177436 19115.143043345
59.5149178724251 5761613.98349481 19929.2142869238 19256.8022182738
59.5941007739914 5761613.98349481 19929.2142869238 19256.8022182738
59.6727852732443 5761329.76512082 20070.3731610497 19399.8617181385
59.7521889338011 5761329.76512082 20070.3731610497 19399.8617181385
59.8310952935643 5761042.73804424 20212.9198327282 19544.3421230396
59.9107225751026 5761042.73804424 20212.9198327282 19544.3421230396
59.9898536477433 5760752.86089554 20356.8746337723 19690.2644706932
60.0697074801733 5760752.86089554 20356.8746337723 19690.2644706932
60.1490661863548 5760460.09137973 20502.2583492092 19837.6502710684
60.2291495698378 5760460.09137973 20502.2583492092 19837.6502710684
60.3087389008766 5760164.38624647 20649.0922318877 19986.5215216529
60.3890549082623 5760164.38624647 20649.0922318877 19986.5215216529
60.4688779285924 5759865.70125891 20797.3980177198 20136.900723381
60.549429707968 5759865.70125891 20797.3980177198 20136.900723381
60.629489557719 5759563.99116116 20947.1979415901 20288.8108972596
60.7102803350779 5759563.99116116 20947.1979415901 20288.8108972596
60.7905802327736 5759259.20964431 21098.5147539701 20442.2756017318
60.8716133148074 5759259.20964431 21098.5147539701 20442.2756017318
60.9521565601922 5758951.30931091 21251.3717382776 20597.3189508185
61.0334353372169 5758951.30931091 21251.3717382776 20597.3189508185
61.1142253142161 5758640.2416379 21405.7927290227 20753.9656330837
61.1957532632382 5758640.2416379 21405.7927290227 20753.9656330837
61.2767934430626 5758325.95693775 21561.8021307869 20912.2409314691
61.3585741309935 5758325.95693775 21561.8021307869 20912.2409314691
61.4398680753947 5758008.40431788 21719.4249380822 21072.1707440498
61.5219051624239 5758008.40431788 21719.4249380822 21072.1707440498
61.6034565271107 5757687.5316381 21878.6867561432 21233.781605765
61.685753770246 5757687.5316381 21878.6867561432 21233.781605765
61.7675663084718 5757363.28546612 22039.6138227071 21397.1007111809
61.8501275652577 5757363.28546612 22039.6138227071 21397.1007111809
61.932205131589 5757035.61103082 22202.2330308418 21562.1559383498
62.0150343640144 5757035.61103082 22202.2330308418 21562.1559383498
62.0973809182927 5756704.45217329 22366.5719528853 21728.9758738302
62.1804821968994 5756704.45217329 22366.5719528853 21728.9758738302
62.2631018084083 5756369.7512955 22532.6588655652 21897.5898389407
62.3464793166141 5756369.7512955 22532.6588655652 21897.5898389407
62.4293761684645 5756031.44930631 22700.5227763731 22068.0279173252
62.5130342071144 5756031.44930631 22700.5227763731 22068.0279173252
62.5962126008635 5755689.48556483 22870.1934512719 22240.3209839112
62.6801555930241 5755689.48556483 22870.1934512719 22240.3209839112
62.7636199535422 5755343.79782083 23041.7014438229 22414.500735352
62.8478524495552 5755343.79782083 23041.7014438229 22414.500735352
62.9316073301581 5754994.32215214 23215.078125824 22590.5997220475
63.0161340129713 5754994.32215214 23215.078125824 22590.5997220475
63.1001841008355 5754640.9928986 23390.355719559 22768.6513818499
63.1850097916301 5754640.9928986 23390.355719559 22768.6513818499
63.2693599135113 5754283.74259268 23567.5673317661 22948.6900755637
63.3544895776449 5754283.74259268 23567.5673317661 22948.6900755637
63.4391447059201 5753922.5018862 23746.7469894406 23130.7511243644
63.5245834592097 5753922.5018862 23746.7469894406 23130.7511243644
63.6095487182666 5753557.19947314 23927.9296775992 23314.8708492651
63.695301833634 5753557.19947314 23927.9296775992 23314.8708492651
63.7805825066321 5753187.76200809 24111.1513791407 23501.0866127746
63.8666554211395 5753187.76200809 24111.1513791407 23501.0866127746
63.9522569571704 5752814.11402015 24296.4491169526 23689.4368629009
64.0386552794733 5752814.11402015 24296.4491169526 23689.4368629009
64.1245833011493 5752436.17782192 24483.8609984236 23879.9611796686
64.211312819399 5752436.17782192 24483.8609984236 23879.9611796686
64.2975731309031 5752053.87341314 24673.4262625358 24072.7003243314
64.3846398211323 5752053.87341314 24673.4262625358 24072.7003243314
64.471238416763 5751667.1183788 24865.1853297289 24267.6962914788
64.5586484517916 5751667.1183788 24865.1853297289 24267.6962914788
64.6455915250426 5751275.82778101 25059.1798547406 24464.9923642538
64.7333512839435 5751275.82778101 25059.1798547406 24464.9923642538
64.8206452371584 5750879.91404444 25255.4527826524 24664.633172916
64.9087613153292 5750879.91404444 25255.4527826524 24664.633172916
64.9964127699785 5750479.28683461 25454.0484083857 24866.6647570096
65.0848919898653 5750479.28683461 25454.0484083857 24866.6647570096
65.1729077974953 5750073.85292867 25655.012439918 25071.1346314166
65.2617572200237 5750073.85292867 25655.012439918 25071.1346314166
65.3501444739313 5749663.51607788 25858.392065518 25278.0918566058
65.4393714107021 5749663.51607788 25858.392065518 25278.0918566058
65.5281374583988 5749248.17686127 26064.2360253203 25487.5871134139
65.6177494847127 5749248.17686127 26064.2360253203 25487.5871134139
65.7069019412408 5748827.73252967 26272.5946875997 25699.6727827338
65.7969069100229 5748827.73252967 26272.5946875997 25699.6727827338
65.886453672201 5748402.07683935 26483.5201301355 25914.4030305168
65.9768597289031 5748402.07683935 26483.5201301355 25914.4030305168
66.0668089905795 5747971.09987437 26697.0662270991 26131.8338985409
66.1576245891468 5747971.09987437 26697.0662270991 26131.8338985409
66.2479848575513 5747534.68785662 26913.288741941 26352.0234014436
66.3392187775485 5747534.68785662 26913.288741941 26352.0234014436
66.4299988908425 5747092.72294263 27132.245426806 26575.0316305673
66.5216602558451 5747092.72294263 27132.245426806 26575.0316305673
66.6128694019797 5746645.08300572 27353.9961290596 26800.9208652286
66.7049676993488 5746645.08300572 27353.9961290596 26800.9208652286
66.7966154363532 5746191.64140235 27578.6029055736 27029.7556920855
66.8891605385234 5746191.64140235 27578.6029055736 27029.7556920855
66.9812568163608 5745732.26672116 27806.1301454909 27261.6031333541
67.074259003788 5745732.26672116 27806.1301454909 27261.6031333541
67.1668141879309 5745266.82251303 28036.6447022703 27496.5327847102
67.2602841738617 5745266.82251303 28036.6447022703 27496.5327847102
67.3533090707564 5744795.16700029 28270.2160359069 27734.6169638074
67.4472580280026 5744795.16700029 28270.2160359069 27734.6169638074
67.5407639126142 5744317.15276323 28506.9163663246 27975.9308704539
67.6352035025348 5744317.15276323 28506.9163663246 27975.9308704539
67.729202148186 5743832.62640133 28746.8208390618 28220.5527596151
67.8241445521077 5743832.62640133 28746.8208390618 28220.5527596151
67.9186482628527 5743341.42816695 28990.0077045062 28468.5641285498
68.0141062161863 5743341.42816695 28990.0077045062 28468.5641285498
68.1091278619898 5742843.39156836 29236.5585120902 28720.0499195546
68.2051146913344 5742843.39156836 29236.5585120902 28720.0499195546
68.300667746364 5742338.34293899 29486.5583210418 28975.0987399761
68.3971974099291 5742338.34293899 29486.5583210418 28975.0987399761
68.4932959943067 5741826.10096915 29740.0959294911 29233.8031013682
68.5903831260255 5741826.10096915 29740.0959294911 29233.8031013682
68.687042051433 5741306.47619611 29997.2641239734 29496.2596799206
68.7847020091941 5741306.47619611 29997.2641239734 29496.2596799206
68.8819368287813 5740779.27044779 30258.159951647 29762.5696005755
68.9801857472617 5740779.27044779 30258.159951647 29762.5696005755
69.0780128103706 5740244.27623456 30522.885017867 30032.8387475835
69.176867659027 5740244.27623456 30522.885017867 30032.8387475835
69.275304171317 5739701.27608323 30791.5458121339 30307.1781046434
69.3747828181697 5739701.27608323 30791.5458121339 30307.1781046434
69.4738469078201 5739150.04180591 31064.2540658734 30585.7041282287
69.5739681897621 5739150.04180591 31064.2540658734 30585.7041282287
69.6736789805263 5738590.33369574 31341.1271460233 30868.5391582397
69.7744627810025 5738590.33369574 31341.1271460233 30868.5391582397
69.8748404730122 5738021.89964024 31622.2884890113 31155.8118707589
69.976307808045 5738021.89964024 31622.2884890113 31155.8118707589
70.0773737674053 5737444.47414115 31907.868080428 31447.6577784314
70.1795468811042 5737444.47414115 31907.868080428 31447.6577784314
70.2813237394895 5736857.77722857 32198.0029865551 31744.2197848868
70.3842262103683 5736857.77722857 32198.0029865551 31744.2197848868
70.4867379760359 5736261.5132544 32492.8379449294 32045.6488006807
70.5903948356891 5736261.5132544 32492.8379449294 32045.6488006807
70.6936670175688 5735655.36954816 32792.5260223465 32352.1044295043
70.7981048835307 5735655.36954816 32792.5260223465 32352.1044295043
70.9021646303463 5735039.01491488 33097.2293501786 32663.7557349456
71.0074118552844 5735039.01491488 33097.2293501786 32663.7557349456
71.112288112019 5734412.09795141 33407.119948663 32980.7820999349
71.2183749518155 5734412.09795141 33407.119948663 32980.7820999349
71.3240986362703 5733774.24515276 33722.3806539816 33303.374193263
71.4310574400319 5733774.24515276 33722.3806539816 33303.374193263
71.5376616427602 5733125.05877509 34043.2061646009 33631.7350603136
71.6455270684001 5733125.05877509 34043.2061646009 33631.7350603136
71.7530472799586 5732464.11441487 34369.8042265968 33966.0813585395
71.8618565397362 5732464.11441487 34369.8042265968 33966.0813585395
71.9703309100099 5731790.95825589 34702.3969817184 34306.6447624032
72.0801240513383 5731790.95825589 34702.3969817184 34306.6447624032
72.1895936867162 5731105.10392532 35041.2225069668 34653.6735677244
72.3004139147083 5731105.10392532 35041.2225069668 34653.6735677244
72.4109232201665 5730406.02888732 35386.5365807579 35007.4345319263
72.5228172698511 5730406.02888732 35386.5365807579 35007.4345319263
72.634414344622 5729693.17028636 35738.6147187003 35368.2149949471
72.747432912622 5729693.17028636 35738.6147187003 35368.2149949471
72.8601700102002 5728965.92013173 36097.7545321505 35736.3253361236
72.9743682580514 5728965.92013173 36097.7545321505 35736.3253361236
73.0883023239491 5728223.61968838 36464.2784757341 36112.1018358937
73.2037404683231 5728223.61968838 36464.2784757341 36112.1018358937
73.3189337724538 5727465.5529044 36838.537066897 36495.9100287144
73.4356777815796 5727465.5529044 36838.537066897 36495.9100287144
73.552198666689 5726690.93866079 37220.9126826533 36888.148656567
73.6703210875883 5726690.93866079 37220.9126826533 36888.148656567
73.7882448611749 5725898.92156927 37611.8240679303 37289.2543628109
73.9078258094216 5725898.92156927 37611.8240679303 37289.2543628109
74.0272358146675 5725088.56096416 38011.7317290336 37699.7073068141
74.1483641679665 5725088.56096416 38011.7317290336 37699.7073068141
74.2693530801644 5724258.81762637 38421.1444387606 38120.0379348771
74.392127930155 5724258.81762637 38421.1444387606 38120.0379348771
74.5147993402108 5723408.53762892 38840.6271524754 38550.8352186094
74.6393317750943 5723408.53762892 38840.6271524754 38550.8352186094
74.7638021427676 5722536.4324868 39270.810735888 38992.7567773208
74.890217459 5722536.4324868 39270.810735888 38992.7567773208
75.0166185484648 5721641.05450081 39712.4040489401 39446.5414502571
75.1450590265275 5721641.05450081 39712.4040489401 39446.5414502571
75.2735409800818 5720720.76576299 40166.2091373174 39913.0250997032
75.4041694130815 5720720.76576299 40166.2091373174 39913.0250997032
75.5349046825676 5719773.69866991 40633.1405876957 40393.160742402
75.6679089266347 5719773.69866991 40633.1405876957 40393.160742402
75.8010973781808 5718797.70485687 41114.2505607357 40888.0445824041
75.9366963162656 5718797.70485687 41114.2505607357 40888.0445824041
76.0725719723211 5717790.28802705 41610.7617215207 41398.9502514364
76.2110234755356 5717790.28802705 41610.7617215207 41398.9502514364
76.3498635938789 5716748.51387002 42124.1114055429 41927.3747244445
76.4914753762519 5716748.51387002 42124.1114055429 41927.3747244445
76.6336129522913 5715668.88653292 42656.0121885188 42475.1012785679
76.7787577374874 5715668.88653292 42656.0121885188 42475.1012785679
76.9245991742629 5714547.17477395 43208.5371356518 43044.2880904098
77.0737365057853 5714547.17477395 43208.5371356518 43044.2880904098
77.2237873654305 5713378.15970162 43784.2435135272 43637.5967848555
77.3774960652658 5713378.15970162 43784.2435135272 43637.5967848555
77.5324000020526 5712155.25506907 44386.3590189876 44258.3859119477
77.6914285326711 5712155.25506907 44386.3590189876 44258.3859119477
77.8520288539297 5710869.90958922 45019.0749433048 44911.0154674846
78.0173776138361 5710869.90958922 45019.0749433048 44911.0154674846
78.184820230699 5709510.61202356 45688.0342205598 45601.3537558846
78.3578852575867 5709510.61202356 45688.0342205598 45601.3537558846
78.5338037507151 5708061.11123489 46401.2046536613 46337.684111453
78.7166508715417 5708061.11123489 46401.2046536613 46337.684111453
78.9035330817669 5706496.90777268 47170.600278957 47132.4919483711
79.0994906673278 5706496.90777268 47170.600278957 47132.4919483711
79.3015127715498 5704777.31279344 48016.1779664667 48006.5092401033
79.516728978161 5704777.31279344 48016.1779664667 48006.5092401033
79.7421150680537 5702823.10693758 48976.8011500123 49000.0919124118
79.991461899604 5702823.10693758 48976.8011500123 49000.0919124118
80 5702748.32255494 49013.5559238757 49038.1215211871
80.0531519157907 5702748.32255494 49013.5559238757 49038.1215211871
