0 1
0.035376555129985 1.01769091970238
0.0694459575999979 1.03471974129226
0.103185538047661 1.05155630229256
0.136955862754399 1.06836203753586
0.170899028971417 1.08518831467743
0.205077300148648 1.10204563890011
0.239523686545368 1.11892890352448
0.274260766556998 1.13582673907114
0.309307781516459 1.15272497462365
0.344683369453474 1.16960790062586
0.380406680184115 1.18645870700586
0.416497898638046 1.20325960943144
0.452978563401593 1.2199918545793
0.489871828827744 1.23663567474031
0.527202730734375 1.25317021681386
0.564998483920191 1.26957345356531
0.603288829497934 1.28582207824028
0.642106448449508 1.30189138060205
0.681487460249719 1.3177551006534
0.721472030517356 1.33338525470797
0.761989836903771 1.34870908965621
0.802223799215435 1.36338877743341
0.84190518527455 1.37732031740239
0.880979243472267 1.390487431932
0.919467936188038 1.40290345207201
0.957416897539213 1.41458969447004
0.99487596705059 1.42556792102428
1.03189261468542 1.43585800587886
1.06851014788291 1.44547744324838
1.10476759936152 1.45444145617511
1.14070013909475 1.46276326478402
1.17633959581014 1.47045436588247
1.21171495096104 1.4775247805553
1.24685276882363 1.48398326211999
1.28177756076182 1.48983746778153
1.3165120918635 1.49509409979346
1.35107763987626 1.4997590217059
1.38549421545978 1.50383735437441
1.41978075126913 1.50733355546287
1.45395526595103 1.51025148537432
1.48803500794457 1.51259446190556
1.52203658303767 1.51436530542288
1.55597606890114 1.51556637596619
1.58986911926486 1.51619960338244
1.623731059974 1.51626651134398
1.65757697884227 1.51576823590951
1.69142181098125 1.51470553912033
1.72528042111308 1.51307881798456
1.75916768426042 1.51088810907941
1.79309856614194 1.50813308888947
1.82708820458191 1.50481306989293
1.86115199326651 1.50092699230285
1.89530566924731 1.49647341126158
1.92956540570849 1.49145047916909
1.96394791168524 1.4858559226947
1.99847054065419 1.47968701386932
2.03315141022822 1.47294053447493
2.06800953559615 1.46561273272819
2.10306497987746 1.45769927098395
2.13833902525166 1.4491951628426
2.17385436961886 1.44009469761053
2.20963535472266 1.43039134950101
2.24570823321469 1.4200776682285
2.28210148419937 1.40914514667799
2.31884618956371 1.39758406002898
2.35597648715718 1.38538326894668
2.39353012206244 1.37252997702034
2.43154912442528 1.35900942923031
2.47008065256666 1.34480453339889
2.50917805490316 1.3298953796035
2.5489022259945 1.31425862224622
2.5893233648234 1.29786667397555
2.63018259517154 1.28083058508951
2.67078416894126 1.26346464554734
2.71088820693073 1.24591092136966
2.75043227547743 1.22823940752059
2.78941933280854 1.21049042645935
2.82787451295074 1.19269189861471
2.86582895869451 1.17486627035536
2.9033140260612 1.15703328634226
2.94035939314624 1.13921111129222
2.97699260256915 1.12141679948661
3.01323910503185 1.10366650641796
3.04912245794553 1.08597559758351
3.08466455473686 1.0683587152264
3.11988584320266 1.0508298269352
3.15480552151017 1.03340226561538
3.18944171099016 1.01608876473386
3.22381160817154 0.998901490543405
3.25794099595144 0.981847390228246
3.29198587164385 0.964867756445964
3.32601407476882 0.947947905105485
3.36006069112214 0.93108963187777
3.39414866830297 0.914300972421365
3.42829657113081 0.897592385603123
3.46252154140049 0.880975340653639
3.49684046640729 0.864461806527605
3.53127048120165 0.848064080692333
3.56582922714038 0.831794746631223
3.60053502644918 0.815666681493316
3.63540703431001 0.799693084919959
3.67046539356136 0.783887518725272
3.70573140391805 0.768263954175976
3.741227713277 0.75283682638294
3.77697853782418 0.73762109651459
3.81300991835831 0.722632323205089
3.84935002186332 0.707886745061332
3.88602949978578 0.693401376746815
3.92308191785541 0.679194121838023
3.96054427695935 0.665283906598687
3.99845765108954 0.651690840108785
4.03686797757254 0.638436407974428
4.07582579373493 0.62554411529022
4.11464013557122 0.613270297272888
4.15307532214515 0.60169595138531
4.1910734973964 0.590836736679285
4.22864215479196 0.580685898016358
4.26581062330047 0.571230155670555
4.30261381131693 0.562455317152051
4.33908643398406 0.554348105784997
4.37526118616672 0.546896639199625
4.41116835594435 0.540090450189778
4.44683593279155 0.533920370081326
4.48228986083751 0.528378385380152
4.5175543131273 0.523457503192437
4.55265194679661 0.519151634600682
4.5876041294691 0.515455496492449
4.62243113754367 0.512364529849909
4.65715233006905 0.50987483210477
4.69178630237232 0.507983101394696
4.72635102327178 0.506686590931043
4.76086395918996 0.505983072049291
4.79534218799522 0.505870804824311
4.82980250499937 0.506348515391349
4.86426152322882 0.507415379329106
4.89873576986084 0.509071010644019
4.93324178056324 0.511315456054142
4.9677961933874 0.514149194415066
5.00241584383572 0.517573141266196
5.03711786275219 0.52158865860991
5.07191977877181 0.52619757017501
5.10683962721372 0.531402182566113
5.14189606752429 0.537205312869717
5.17710851168189 0.543610323484396
5.21249726638462 0.550621165178124
5.24808369238219 0.558242429664108
5.28389038502007 0.566479413346687
5.31994138099044 0.575338194345645
5.35626239750095 0.584825725495792
5.39288111168073 0.594949946786281
5.42982749018544 0.605719921719343
5.46713418184593 0.617146003427646
5.50483699012717 0.629240038235457
5.54297544756871 0.642015616890265
5.58159352193273 0.65548838724457
5.62074049451279 0.669676447216521
5.66025880516854 0.684519366336826
5.69956548768341 0.699778767272349
5.73846932798481 0.715345987056397
5.77693029272107 0.731167134402115
5.81496306471085 0.747211006603421
5.85259998809977 0.763455844513392
5.88987734919718 0.779883944620524
5.92683059183293 0.796479471346607
5.96349287583962 0.813227557410264
5.99989484283799 0.830113919803836
6.03606478638922 0.847124682267396
6.07202893204115 0.864246281253558
6.10781172448913 0.881465406536228
6.14343609003779 0.898768956995569
6.17892366793331 0.916144003703514
6.21429501255625 0.93357775699981
6.24956977074225 0.951057536050667
6.2847668386706 0.968570740099858
6.31990450230558 0.986104820913938
6.35500056481305 1.00364725604628
6.39010439927221 1.02120148958782
6.4253657478904 1.0388210937554
6.46085055890813 1.05651713232212
6.49659391420298 1.07428432081853
6.53261976184954 1.0921107642993
6.56894836601724 1.10998158135704
6.60559917806671 1.12788023309188
6.64259200266295 1.145788987006
6.6799475368215 1.16368905249671
6.71768768841596 1.18156058886186
6.75583582966758 1.1993826603451
6.79441704783669 1.21713316508156
6.83345842140426 1.23478874667473
6.87298933868431 1.25232469001668
6.91304187337484 1.26971479986665
6.95365123309621 1.28693125896552
6.99485630089403 1.3039444610329
7.03670029580097 1.32072281239105
7.07923158738153 1.33723249388397
7.12218686081906 1.35332039777942
7.16476846032755 1.36865842495105
7.20672466422987 1.38315082411171
7.24801448621291 1.39678764899759
7.2886709637355 1.40958701590246
7.32874873700502 1.42157387762867
7.36830508531056 1.43277278730062
7.40739373213619 1.44320578185254
7.44606333427094 1.45289204177427
7.48435757884528 1.46184810727703
7.52231575190277 1.4700882236961
7.5599733787779 1.47762467749181
7.59736280987377 1.48446808575184
7.63451372299792 1.4906276356913
7.67145354560194 1.49611128026327
7.70820780891196 1.50092589758346
7.74480044661946 1.50507742107184
7.78125404917227 1.5085709459201
7.81759008270542 1.51141081628661
7.85382907987254 1.51360069663129
7.88999080840667 1.5151436298272
7.92609442213175 1.5160420840823
7.96215859830447 1.51629799023394
7.9982016645366 1.51591277060561
8.03424171808299 1.51488736031386
8.07029673994766 1.51322222166336
8.10638470603601 1.51091735205366
8.1425236974472 1.5079722856305
8.17873201194986 1.50438608873634
8.21502827871014 1.5001573490409
8.25143157844625 1.49528415805278
8.28796157137252 1.48976408651994
8.32463863558074 1.48359415200824
8.36148401890547 1.47677077769231
8.39852000785871 1.46928974108532
8.43577011793633 1.46114611105519
8.47325931054599 1.45233417099633
8.51101424305928 1.44284732541371
8.54906356015234 1.43267798637827
8.58743823682061 1.4218174352603
8.62617198644667 1.41025565373767
8.66530175138079 1.39798111616265
8.70486829912326 1.38498053273517
8.7449169550767 1.3712385292433
8.78549851403772 1.35673724388722
8.82667038880378 1.34145581410689
8.86849807818473 1.32536971511023
8.91105707277676 1.30844989484339
8.954435372619 1.29066162388645
8.99798521504443 1.27228448829375
9.04113016797423 1.25359922395657
9.08368379200938 1.23473621541479
9.12560888146353 1.21576302938406
9.1669218624773 1.19672118163338
9.2076562921608 1.1776410955468
9.24784940596282 1.15854811473934
9.28753744635602 1.13946492214851
9.32675426537595 1.12041253047781
9.36553110626627 1.10141070702637
9.40389677933273 1.08247817408268
9.44187794481019 1.06363271911027
9.47949940259777 1.04489126747462
9.51678435781674 1.02626993854658
9.55375465584911 1.00778409355867
9.59043098873244 0.989448378729419
9.62692974061871 0.971228568509393
9.6633770460383 0.953085213108653
9.6998319082537 0.935012504693337
9.73632842018449 0.91701730174452
9.77289155529338 0.89911132059185
9.80954314985194 0.881308235322766
9.84630422592342 0.86362261765646
9.88319595144389 0.846069568418462
9.92024009871956 0.828664610510646
9.95745932616819 0.811423682797606
9.99487740768964 0.794363175522916
10.0325194596118 0.777499985908959
10.0704121881112 0.760851586999881
10.1085841709714 0.744436108424728
10.1470661856029 0.728272430168743
10.1858915964659 0.712380291760707
10.2250968181381 0.696780420342291
10.2647218750701 0.681494682248718
10.304811085972 0.666546264221842
10.3454139105914 0.651959892410521
10.3865860107876 0.637762100169867
10.4283905985151 0.623981559773104
10.4700503349828 0.610909146861913
10.5112881075211 0.598640411065965
10.5520370391497 0.587193373162488
10.5923073347457 0.576559681645257
10.6321346929138 0.566723508999859
10.6715610864319 0.557668171341699
10.7106279981928 0.549378243967902
10.7493743333258 0.541840082580637
10.7878360267143 0.535041813244279
10.8260462232396 0.528973169431441
10.8640356183361 0.523625305115458
10.9018328144998 0.518990623908573
10.9394646486903 0.515062633594551
10.9769564811111 0.511835825574198
11.0143324476815 0.509305576136403
11.0516156817462 0.507468066231622
11.0888285108764 0.506320216869995
11.1259926340397 0.505859637832653
11.1631292837035 0.506084587906315
11.2002593767952 0.506993945294029
11.237403657952 0.508587187225518
11.2745828381395 0.51086437810561
11.3118177314997 0.513826165815848
11.3491293931883 0.517473786038238
11.3865392609745 0.521809074715224
11.424069303505 0.526834489010068
11.4617421783803 0.532553137400495
11.4995814035806 0.538968819841337
11.5376115463273 0.546086079287249
11.575858434223 0.553910266297482
11.6143493945269 0.562447618981432
11.6531135287832 0.571705361227034
11.6921820318359 0.581691823040386
11.7315885667076 0.592416587993818
11.7713697101262 0.603890674344754
11.8115654880126 0.616126758515636
11.8522200265126 0.629139452562815
11.8933823529635 0.642945651383561
11.9351073937596 0.657564971292042
11.9774572343497 0.673020310147495
12.0201478627885 0.68920161104999
12.0625679981087 0.705849987622944
12.1045237295064 0.722845599723895
12.1459812333518 0.740127678464998
12.1869637797061 0.757660066272644
12.2275123438984 0.775416911154399
12.2676711751098 0.793376817788452
12.3074828884729 0.81152045953824
12.3469870935794 0.829829588711766
12.3862202789047 0.848286608263252
12.4252161002966 0.86687436897402
12.4640057653077 0.885576058072203
12.5026184090006 0.904375125927208
12.5410814315097 0.923255229472027
12.5794207937505 0.942200183650189
12.6176612759002 0.961193917163309
12.6558267051391 0.980220430756367
12.6939401589404 0.999263757053898
12.7320241494394 1.01830792126934
12.7702738858289 1.03742333833091
12.8087819906597 1.0566284137516
12.8475964958915 1.07591800688345
12.8867493492957 1.09527746772862
12.9262671686603 1.11468785522761
12.9661753911649 1.13412784673497
13.0064999673772 1.15357439917591
13.0472681558003 1.17300293498917
13.0885090056907 1.19238734203815
13.130253754427 1.21169989432999
13.1725362319445 1.23091113143432
13.2153933168998 1.24998970805763
13.2588654743896 1.26890221456313
13.3029974037307 1.28761296419493
13.3478388302326 1.30608373944929
13.3934454853283 1.32427348679039
13.4398803354658 1.34213794484527
13.4866104497525 1.35941048000565
13.5328411813707 1.37576608288454
13.578337649694 1.39111762216684
13.6230777352285 1.40546378179392
13.667111657405 1.41882988081156
13.7105087689468 1.43124653038631
13.7533387643174 1.44274263211672
13.7956658923672 1.45334353522821
13.8375478487995 1.46307092610512
13.8790362093583 1.47194322004387
13.9201772633515 1.47997603689612
13.9610128599253 1.4871826331447
14.0015811546183 1.49357426251603
14.0419172390801 1.49916046836259
14.0820536662804 1.50394931867209
14.1220208898588 1.50794759471249
14.1618476352209 1.51116094252016
14.2015612171129 1.5135939944504
14.2411878155527 1.51525046631256
14.2807527196182 1.51613323427094
14.3202805467715 1.5162443946524
14.3597954440336 1.51558530899311
14.3993212763456 1.51415663601607
14.4388818067652 1.5119583517084
14.4785008727133 1.50898975822513
14.5182025622503 1.50524948195199
14.5580113943175 1.50073546068991
14.5979525070155 1.49544491955405
14.6380518583111 1.48937433478776
14.6783364441017 1.48251938425301
14.7188345393482 1.4748748828427
14.7595759690864 1.46643470043221
14.8005924176269 1.45719165919706
14.8419177862943 1.44713740610608
14.8835886128209 1.4362622550608
14.9256445692934 1.42455499135915
14.9681290607547 1.41200262871921
15.0110899538201 1.39859010571532
15.0545804749207 1.38429990371056
15.098660332514 1.36911156152789
15.14339713914 1.35300105209105
15.1888682413603 1.33593997130238
15.235163114762 1.3178944665217
15.2823865583097 1.29882379601019
15.330497077367 1.27874868472713
15.3783707658685 1.25816957262216
15.4256144457827 1.23731668901757
15.4721236115584 1.21630386172803
15.5179003376889 1.19519616135976
15.5629825281256 1.17403805219394
15.6074175004161 1.15286483917163
15.6512526310993 1.13170729147989
15.6945324048341 1.11059352615484
15.7372977895778 1.0895498008771
15.7795864043619 1.06860087348543
15.8214329164738 1.04777018831519
15.8628694702161 1.02707999185039
15.9039260845798 1.00655141813433
15.9446310056135 0.986204560095373
15.9851514938424 0.965988551833565
16.0256323676535 0.945863353524101
16.0661440883602 0.925826312112138
16.1067296512789 0.905888928184682
16.1474221638176 0.886068219769134
16.1882515518501 0.866383532202399
16.2292472178913 0.846855391716341
16.2704392004167 0.827505129476153
16.311858792522 0.808354799912984
16.3535389841598 0.789427216513175
16.3955148713039 0.770746040786762
16.4378240946578 0.752335902715132
16.4805073429517 0.734222547489263
16.5236089491837 0.716433010335589
16.5671776107081 0.698995824970983
16.6112672721663 0.681941274216252
16.6559382235591 0.665301694666524
16.7012584857927 0.649111851820823
16.7473055860548 0.633409408523987
16.7939949284045 0.61829029368863
16.8404543051854 0.604079673591723
16.8863984048002 0.590874574988464
16.9317699874115 0.578688538441023
16.976593844837 0.56750780646079
17.0209205826644 0.557311772967946
17.064805979881 0.548079942494475
17.1083039694328 0.539794007956151
17.1514646761409 0.532438243971981
17.1943342456374 0.525999368440372
17.2369552460245 0.520466273387184
17.2793672035709 0.515829755885853
17.3216071255293 0.512082285565834
17.3637099695017 0.509217814041995
17.405709055633 0.507231622475054
17.4476364293026 0.506120201729022
17.4895231844447 0.505881160095667
17.5313997572371 0.506513154588504
17.5732961988419 0.50801584284225
17.6152424348845 0.51038985356231
17.6572685186386 0.513636774254406
17.6994048844904 0.51775915566349
17.7416826081912 0.52276053300728
17.784133680675 0.528645464747103
17.8267913028456 0.535419590343236
17.8696902097761 0.543089709244485
17.9128670343045 0.551663884324732
17.9563607221943 0.561151574182899
18.0002130140749 0.571563800277429
18.0444690135914 0.582913356927394
18.0891778670712 0.595215075005977
18.134393588252 0.60848615401575
18.1801760733294 0.622746582682565
18.2265923684843 0.63801967603667
18.2737182768827 0.654332768443186
18.321640429389 0.671718119289985
18.3702761665586 0.690143417095783
18.4186804162753 0.709219843102835
18.4665458537711 0.728765489771753
18.5138129764434 0.748688639295967
18.5605109968706 0.768935649959495
18.6066966546279 0.789468877740683
18.6524318568628 0.810257535037605
18.6977761643275 0.831273928619251
18.742784766438 0.852491892831899
18.7875083825583 0.873886109437776
18.8319937660798 0.895431784066117
18.8762843387905 0.917104466569636
18.9204208002764 0.938879930275243
18.9644416718932 0.960734076007681
19.008383774064 0.982642846878434
19.0522826473915 1.00458214771846
19.0962231220736 1.02655285278436
19.1404465119206 1.04863370834914
19.1850635305313 1.07083639009465
19.2301374019614 1.09314627206748
19.2757148666576 1.11553753021237
19.3218380049752 1.13797869559668
19.3685489511231 1.16043461238266
19.4158919988367 1.18286702821765
19.4639147951608 1.20523465006923
19.5126692752769 1.22749297296858
19.5622126067466 1.24959398983298
19.6126082760545 1.27148581342894
19.6639274117799 1.2931122094174
19.71625044206 1.31441202275639
19.7696692117414 1.33531846667759
19.8242897354478 1.35575822832545
19.8785994483177 1.3750840613394
19.9320543482318 1.39308034280682
19.9845530402254 1.40971595307151
20.036149884338 1.42501933287699
20.086943870247 1.43903258104007
20.1370388893308 1.45179624932322
20.1865312632372 1.46334523077583
20.2355071000554 1.47370835475374
20.2840428855836 1.48290904664909
20.3322069245333 1.49096616554699
20.3800608292094 1.49789475615126
20.4276608272957 1.50370666060377
20.4750588564938 1.50841099899118
20.5223034726822 1.51201454144598
20.5694406099708 1.51452199390009
20.6165142282208 1.51593621515206
20.6635668776088 1.51625837844578
20.7106402042235 1.51548808706231
20.7577754163697 1.51362345051929
20.8050137282721 1.51066112567405
20.8523967960531 1.5065963251403
20.8999671600566 1.50142279378012
20.947768707714 1.49513275247568
20.9958471722072 1.48771680678
21.0442506842727 1.4791638162507
21.0930303978325 1.46946071811586
21.1422412150962 1.45859229619021
21.191942643952 1.44654088234691
21.2421998307707 1.43328597291271
21.2930848266239 1.41880373541651
21.3446781666513 1.40306637113239
21.3970708745807 1.38604128412634
21.450367053294 1.36768998525112
21.5046872982149 1.34796662498218
21.5601732913671 1.32681599378416
21.6169941334595 1.30417073754784
21.6753553125817 1.27994737934709
21.7340483880748 1.25468131527446
21.7921239225536 1.22887087518894
21.8492934855554 1.2027586463961
21.9055194401104 1.17647689034487
21.9608509943002 1.15011098723719
22.0153623265324 1.12372586014835
22.0691305646982 1.09737676274548
22.122228775497 1.07111367304523
22.1747243960836 1.04498311899864
22.2266795146323 1.01902898319644
22.2781516898346 0.993292903670337
22.3292808048778 0.967771686351205
22.3803944379587 0.942366869321338
22.4316493767512 0.91706635443963
22.4831404411353 0.891890975695971
22.534941090235 0.866874818385174
22.5871190443876 0.842058056562197
22.6397427109914 0.817484493717847
22.6928842920135 0.793200897837677
22.7466217985803 0.769257053341275
22.8010408517242 0.745706141961144
22.8562366653294 0.722605327921076
22.9123164555733 0.700016528718707
22.9694025078714 0.678007403752143
23.0276361950944 0.656652629647945
23.0871833732862 0.636035572729259
23.1482418121385 0.616250530191629
23.2096356434198 0.597813271753372
23.2705857718035 0.581021511683029
23.3309040699684 0.565947865256929
23.3906202465373 0.552591189661721
23.4498352154441 0.540932235147669
23.5086673344965 0.530952392468171
23.5672344951089 0.522639212313091
23.625649467051 0.51598751382586
23.6840198955935 0.510999208709876
23.7424497940163 0.507682895566608
23.8010414396575 0.506053554874399
23.8598973483398 0.506132435893857
23.9191222814729 0.507947157556945
23.9788253431959 0.511532034348882
24.0391222698588 0.516928647469684
24.1001380468705 0.524186699837531
24.1620100287345 0.533365219290081
24.2248918003205 0.544534210696753
24.288958116466 0.557776911350078
24.35441141743 0.573192887020456
24.42149068338 0.590902340206964
24.4904838449957 0.611052228374924
24.5617457745624 0.633825189551799
24.6357253910155 0.659453016452973
24.7130084118552 0.688237894583692
24.7935059994549 0.720226365447582
24.8755788379222 0.754739366514915
24.9592090937193 0.791643549741173
25.0452794158483 0.831188243536459
25.1327412287183 0.872703169431609
