0.00826446280991736 0.0367139157778218 0.0367139156339521
0.0165289256198347 0.0734030846365094 0.0734030835410792
0.0247933884297521 0.110042774514475 0.110042772676241
0.0330578512396694 0.146608285159011 0.146608285346424
0.0413223140495868 0.183074976605687 0.183074973858698
0.0495867768595041 0.2194182598129 0.219418257134475
0.0578512396694215 0.255613639476643 0.255613637278857
0.0661157024793388 0.291636719309703 0.291636716093922
0.0743801652892562 0.327463217025541 0.327463211524801
0.0826446280991736 0.363068978120833 0.363068974027465
0.0909090909090909 0.398430006624854 0.398430002847199
0.0991735537190083 0.433522467337125 0.43352246219677
0.107438016528926 0.468322702966283 0.468322697323407
0.115702479338843 0.502807254651687 0.502807250453744
0.12396694214876 0.536952882324754 0.536952876605983
0.132231404958678 0.570736566185111 0.570736559258632
0.140495867768595 0.604135532714332 0.604135525865233
0.148760330578512 0.637127269246282 0.637127263204639
0.15702479338843 0.669689540105623 0.66968953255649
0.165289256198347 0.701800392242054 0.701800384691647
0.173553719008264 0.733438181697278 0.733438174667507
0.181818181818182 0.764581583416591 0.764581576418183
0.190082644628099 0.795209605361091 0.795209597129763
0.198347107438017 0.825301599619855 0.825301591390918
0.206611570247934 0.854837282723268 0.854837275109342
0.214876033057851 0.88379674680389 0.883796739184642
0.223140495867769 0.91216047101155 0.912160462928445
0.231404958677686 0.939909335485085 0.939909327222707
0.239669421487603 0.967024635102073 0.967024627407315
0.247933884297521 0.993488094144845 0.993488085888336
0.256198347107438 1.01928187343606 1.01928186445837
0.264462809917355 1.04438858548233 1.04438857632077
0.272727272727273 1.06879130599558 1.06879129780949
0.28099173553719 1.09247358801756 1.09247357979688
0.289256198347107 1.11541946689837 1.11541945878149
0.297520661157025 1.13761347545845 1.13761346764861
0.305785123966942 1.15904065312447 1.15904064609615
0.31404958677686 1.17968655834159 1.17968655071895
0.322314049586777 1.19953727229183 1.1995372647446
0.330578512396694 1.21857941492666 1.21857940741435
0.338842975206612 1.23680014995509 1.23680014300266
0.347107438016529 1.25418719665362 1.25418718946934
0.355371900826446 1.27072883328534 1.27072882673854
0.363636363636364 1.28641391105477 1.28641390459886
0.371900826446281 1.30123185594984 1.30123185021939
0.380165289256198 1.31517268094178 1.31517267527653
0.388429752066116 1.32822698810305 1.32822698268679
0.396694214876033 1.34038597771242 1.34038597294109
0.40495867768595 1.35164145437565 1.35164145003626
0.413223140495868 1.36198583117989 1.36198582699969
0.421487603305785 1.37141213518372 1.37141213100346
0.429752066115702 1.37991401131601 1.37991400806458
0.43801652892562 1.38748573028772 1.38748572732792
0.446280991735537 1.39412218817674 1.39412218492928
0.454545454545455 1.39981891031952 1.39981890743571
0.462809917355372 1.40457205662255 1.40457205486093
0.471074380165289 1.40837842499806 1.40837842325374
0.479338842975207 1.41123544825449 1.41123544685771
0.487603305785124 1.41314120074904 1.41314119984066
0.495867768595041 1.41409439684754 1.41409439759286
0.504132231404959 1.41409439725021 1.41409439759286
0.512396694214876 1.41314119887326 1.41314119984066
0.520661157024793 1.4112354457806 1.41123544685771
0.528925619834711 1.40837842144873 1.40837842325374
0.537190082644628 1.40457205336497 1.40457205486093
0.545454545454545 1.39981890546627 1.39981890743571
0.553719008264463 1.39412218238348 1.39412218492928
0.56198347107438 1.38748572412752 1.38748572732792
0.570247933884298 1.37991400434359 1.37991400806458
0.578512396694215 1.37141212667081 1.37141213100346
0.586776859504132 1.36198582259639 1.36198582699969
0.59504132231405 1.35164144520339 1.35164145003626
0.603305785123967 1.34038596788362 1.34038597294109
0.611570247933884 1.32822697758771 1.32822698268679
0.619834710743802 1.31517266981085 1.31517267527653
0.628099173553719 1.30123184436832 1.30123185021939
0.636363636363636 1.28641389815936 1.28641390459886
0.644628099173554 1.27072882057591 1.27072882673854
0.652892561983471 1.25418718254727 1.25418718946934
0.661157024793388 1.23680013590505 1.23680014300266
0.669421487603306 1.21857940022037 1.21857940741435
0.677685950413223 1.199537257651 1.1995372647446
0.685950413223141 1.17968654259545 1.17968655071895
0.694214876033058 1.15904063786619 1.15904064609615
0.702479338842975 1.13761345960256 1.13761346764861
0.710743801652893 1.11541945088928 1.11541945878149
0.71900826446281 1.09247357096564 1.09247357979688
0.727272727272727 1.06879128988332 1.06879129780949
0.735537190082645 1.04438856862781 1.04438857632077
0.743801652892562 1.01928185685765 1.01928186445837
0.752066115702479 0.993488077163845 0.993488085888336
0.760330578512397 0.967024619286592 0.967024627407315
0.768595041322314 0.939909318972215 0.939909327222707
0.776859504132231 0.912160454266905 0.912160462928445
0.785123966942149 0.883796730359907 0.883796739184642
0.793388429752066 0.854837267085063 0.854837275109343
0.801652892561983 0.825301583804751 0.825301591390918
0.809917355371901 0.795209589585462 0.795209597129763
0.818181818181818 0.764581569228574 0.764581576418183
0.826446280991736 0.733438167720938 0.733438174667507
0.834710743801653 0.701800377828627 0.701800384691648
0.84297520661157 0.669689525442617 0.66968953255649
0.851239669421488 0.637127256651549 0.63712726320464
0.859504132231405 0.604135519027487 0.604135525865233
0.867768595041322 0.570736553144585 0.570736559258632
0.87603305785124 0.536952870455449 0.536952876605983
0.884297520661157 0.50280724490555 0.502807250453743
0.892561983471074 0.468322691751781 0.468322697323408
0.900826446280992 0.433522457312644 0.43352246219677
0.909090909090909 0.398429998142547 0.398430002847199
0.917355371900827 0.363068969881148 0.363068974027465
0.925619834710744 0.327463208067623 0.327463211524801
0.933884297520661 0.291636713333251 0.291636716093922
0.942148760330578 0.255613634386107 0.255613637278857
0.950413223140496 0.219418254969156 0.219418257134474
0.958677685950413 0.183074971781972 0.183074973858698
0.966942148760331 0.146608283842519 0.146608285346424
0.975206611570248 0.110042770416108 0.110042772676241
0.983471074380165 0.0734030825225315 0.0734030835410788
0.991735537190083 0.0367139152051849 0.0367139156339521

0.00826446280991736 0.0734030830708906 0.0734030835410792
0.0165289256198347 0.146608286034745 0.146608285346424
0.0247933884297521 0.219418253912397 0.219418257134475
0.0330578512396694 0.291636715133843 0.291636716093922
0.0413223140495868 0.363068973677475 0.363068974027465
0.0495867768595041 0.43352246383168 0.43352246219677
0.0578512396694215 0.502807250901614 0.502807250453744
0.0661157024793388 0.570736560275759 0.570736559258632
0.0743801652892562 0.637127265443102 0.637127263204639
0.0826446280991736 0.701800385010936 0.701800384691647
0.0909090909090909 0.764581574274193 0.764581576418183
0.0991735537190083 0.825301589046076 0.825301591390918
0.107438016528926 0.883796740177044 0.883796739184642
0.115702479338843 0.939909329263111 0.939909327222707
0.12396694214876 0.99348808649291 0.993488085888336
0.132231404958678 1.04438857735305 1.04438857632077
0.140495867768595 1.09247357845818 1.09247357979688
0.148760330578512 1.13761346536478 1.13761346764861
0.15702479338843 1.17968654503703 1.17968655071895
0.165289256198347 1.21857940309611 1.21857940741435
0.173553719008264 1.25418718578062 1.25418718946934
0.181818181818182 1.28641390106405 1.28641390459886
0.190082644628099 1.31517266962338 1.31517267527653
0.198347107438017 1.34038596724228 1.34038597294109
0.206611570247934 1.36198581789453 1.36198582699969
0.214876033057851 1.37991399880246 1.37991400806458
0.223140495867769 1.39412217454897 1.39412218492928
0.231404958677686 1.40457204588758 1.40457205486093
0.239669421487603 1.41123543779207 1.41123544685771
0.247933884297521 1.41409438846524 1.41409439759286
0.256198347107438 1.413141191412 1.41314119984066
0.264462809917355 1.40837841473803 1.40837842325374
0.272727272727273 1.39981889953965 1.39981890743571
0.28099173553719 1.38748571912115 1.38748572732792
0.289256198347107 1.37141212347789 1.37141213100346
0.297520661157025 1.35164144280395 1.35164145003626
0.305785123966942 1.32822697402351 1.32822698268679
0.31404958677686 1.30123184158965 1.30123185021939
0.322314049586777 1.27072881873258 1.27072882673854
0.330578512396694 1.23680013677895 1.23680014300266
0.338842975206612 1.19953726040964 1.1995372647446
0.347107438016529 1.15904064082644 1.15904064609615
0.355371900826446 1.11541945436996 1.11541945878149
0.363636363636364 1.06879129110587 1.06879129780949
0.371900826446281 1.01928185733766 1.01928186445837
0.380165289256198 0.967024618933447 0.967024627407315
0.388429752066116 0.912160455324864 0.912160462928445
0.396694214876033 0.854837269076282 0.854837275109343
0.40495867768595 0.795209592402326 0.795209597129763
0.413223140495868 0.733438170309177 0.733438174667507
0.421487603305785 0.669689527055021 0.66968953255649
0.429752066115702 0.604135519127293 0.604135525865233
0.43801652892562 0.536952870105734 0.536952876605983
0.446280991735537 0.468322690045195 0.468322697323408
0.454545454545455 0.398429996922781 0.398430002847199
0.462809917355372 0.327463205474281 0.327463211524801
0.471074380165289 0.255613632403335 0.255613637278857
0.479338842975207 0.183074969183555 0.183074973858698
0.487603305785124 0.110042766203488 0.110042772676241
0.495867768595041 0.036713908042214 0.0367139156339521
0.504132231404959 -0.0367139249469132 -0.0367139156339517
0.512396694214876 -0.110042781170208 -0.110042772676241
0.520661157024793 -0.183074983866314 -0.183074973858699
0.528925619834711 -0.255613647524799 -0.255613637278857
0.537190082644628 -0.32746322154395 -0.3274632115248
0.545454545454545 -0.398430012114594 -0.398430002847198
0.553719008264463 -0.468322706477829 -0.468322697323408
0.56198347107438 -0.536952887763848 -0.536952876605983
0.570247933884298 -0.604135537622176 -0.604135525865233
0.578512396694215 -0.669689544093906 -0.669689532556489
0.586776859504132 -0.733438187608209 -0.733438174667507
0.59504132231405 -0.795209609928084 -0.795209597129763
0.603305785123967 -0.854837287339761 -0.854837275109342
0.611570247933884 -0.912160473009118 -0.912160462928445
0.619834710743802 -0.967024635620517 -0.967024627407315
0.628099173553719 -1.01928187293201 -1.01928186445837
0.636363636363636 -1.06879130555015 -1.06879129780949
0.644628099173554 -1.11541946714644 -1.11541945878149
0.652892561983471 -1.15904065413126 -1.15904064609615
0.661157024793388 -1.19953727276647 -1.1995372647446
0.669421487603306 -1.2368001508149 -1.23680014300266
0.677685950413223 -1.27072883284784 -1.27072882673854
0.685950413223141 -1.30123185503721 -1.30123185021939
0.694214876033058 -1.32822698589464 -1.32822698268679
0.702479338842975 -1.35164145413395 -1.35164145003626
0.710743801652893 -1.37141213549364 -1.37141213100346
0.71900826446281 -1.38748573163117 -1.38748572732792
0.727272727272727 -1.39981891202556 -1.39981890743571
0.735537190082645 -1.40837842719014 -1.40837842325374
0.743801652892562 -1.41314120481844 -1.41314119984066
0.752066115702479 -1.41409440025552 -1.41409439759286
0.760330578512397 -1.41123544912979 -1.41123544685771
0.768595041322314 -1.40457205775936 -1.40457205486093
0.776859504132231 -1.39412218880893 -1.39412218492928
0.785123966942149 -1.37991401244855 -1.37991400806458
0.793388429752066 -1.36198583046608 -1.36198582699969
0.801652892561983 -1.34038597727143 -1.34038597294109
0.809917355371901 -1.31517268009185 -1.31517267527653
0.818181818181818 -1.2864139079311 -1.28641390459886
0.826446280991736 -1.2541871919133 -1.25418718946934
0.834710743801653 -1.21857940983113 -1.21857940741435
0.84297520661157 -1.17968655400551 -1.17968655071895
0.851239669421488 -1.13761347151125 -1.13761346764861
0.859504132231405 -1.09247358293339 -1.09247357979688
0.867768595041322 -1.04438858192517 -1.04438857632077
0.87603305785124 -0.993488092428113 -0.993488085888336
0.884297520661157 -0.939909334032595 -0.939909327222706
0.892561983471074 -0.883796744296705 -0.883796739184642
0.900826446280992 -0.825301595832992 -0.825301591390918
0.909090909090909 -0.764581581471621 -0.764581576418184
0.917355371900827 -0.701800387526224 -0.701800384691648
0.925619834710744 -0.637127267216261 -0.637127263204639
0.933884297520661 -0.570736563207869 -0.570736559258632
0.942148760330578 -0.502807256774477 -0.502807250453744
0.950413223140496 -0.433522467973179 -0.43352246219677
0.958677685950413 -0.363068977576744 -0.363068974027465
0.966942148760331 -0.291636719824356 -0.291636716093923
0.975206611570248 -0.219418258429501 -0.219418257134475
0.983471074380165 -0.146608286350933 -0.146608285346423
0.991735537190083 -0.0734030825980497 -0.073403083541079

0.00826446280991736 0.110042776145421 0.110042772676241
0.0165289256198347 0.219418260302346 0.219418257134475
0.0247933884297521 0.327463214287186 0.327463211524801
0.0330578512396694 0.433522470374538 0.43352246219677
0.0413223140495868 0.536952879846128 0.536952876605983
0.0495867768595041 0.637127268924147 0.637127263204639
0.0578512396694215 0.733438177431278 0.733438174667507
0.0661157024793388 0.825301595459428 0.825301591390918
0.0743801652892562 0.912160467205931 0.912160462928445
0.0826446280991736 0.993488086429416 0.993488085888336
0.0909090909090909 1.06879130280594 1.06879129780949
0.0991735537190083 1.13761347165972 1.13761346764861
0.107438016528926 1.19953726648751 1.1995372647446
0.115702479338843 1.25418719173008 1.25418718946934
0.12396694214876 1.30123185190075 1.30123185021939
0.132231404958678 1.34038597154695 1.34038597294109
0.140495867768595 1.37141212850697 1.37141213100346
0.148760330578512 1.39412217968312 1.39412218492928
0.15702479338843 1.40837842074648 1.40837842325374
0.165289256198347 1.41409439149931 1.41409439759286
0.173553719008264 1.41123544137788 1.41123544685771
0.181818181818182 1.39981890316057 1.39981890743571
0.190082644628099 1.37991400564621 1.37991400806458
0.198347107438017 1.35164144412622 1.35164145003626
0.206611570247934 1.31517267303831 1.31517267527653
0.214876033057851 1.27072882491043 1.27072882673854
0.223140495867769 1.21857940546475 1.21857940741435
0.231404958677686 1.15904064471262 1.15904064609615
0.239669421487603 1.09247357842268 1.09247357979688
0.247933884297521 1.0192818645765 1.01928186445837
0.256198347107438 0.939909325682566 0.939909327222707
0.264462809917355 0.854837274493525 0.854837275109343
0.272727272727273 0.764581576323338 0.764581576418183
0.28099173553719 0.669689535720502 0.669689532556489
0.289256198347107 0.57073656307837 0.570736559258633
0.297520661157025 0.468322702517085 0.468322697323408
0.305785123966942 0.363068981997788 0.363068974027465
0.31404958677686 0.255613644066056 0.255613637278857
0.322314049586777 0.146608290994484 0.146608285346424
0.330578512396694 0.0367139191237761 0.0367139156339521
0.338842975206612 -0.0734030813532182 -0.0734030835410785
0.347107438016529 -0.183074972172478 -0.183074973858698
0.355371900826446 -0.291636716664562 -0.291636716093922
0.363636363636364 -0.398430002734961 -0.398430002847199
0.371900826446281 -0.502807249204344 -0.502807250453743
0.380165289256198 -0.604135525447261 -0.604135525865233
0.388429752066116 -0.701800385077267 -0.701800384691647
0.396694214876033 -0.795209597827168 -0.795209597129763
0.40495867768595 -0.883796740208762 -0.883796739184641
0.413223140495868 -0.967024630539939 -0.967024627407315
0.421487603305785 -1.04438858011348 -1.04438857632076
0.429752066115702 -1.11541946438885 -1.11541945878149
0.43801652892562 -1.17968655571471 -1.17968655071895
0.446280991735537 -1.23680014951513 -1.23680014300266
0.454545454545455 -1.28641391136184 -1.28641390459886
0.462809917355372 -1.32822698864687 -1.32822698268679
0.471074380165289 -1.36198583028814 -1.36198582699969
0.479338842975207 -1.3874857303511 -1.38748572732792
0.487603305785124 -1.40457205631387 -1.40457205486093
0.495867768595041 -1.41314119832213 -1.41314119984066
0.504132231404959 -1.4131411973783 -1.41314119984066
0.512396694214876 -1.40457205237066 -1.40457205486093
0.520661157024793 -1.38748572412828 -1.38748572732792
0.528925619834711 -1.36198582388464 -1.36198582699969
0.537190082644628 -1.32822697838668 -1.32822698268679
0.545454545454545 -1.28641390218541 -1.28641390459886
0.553719008264463 -1.23680013954195 -1.23680014300266
0.56198347107438 -1.17968654612633 -1.17968655071895
0.570247933884298 -1.11541945303314 -1.11541945878149
0.578512396694215 -1.04438857294752 -1.04438857632077
0.586776859504132 -0.967024621483193 -0.967024627407315
0.59504132231405 -0.883796734394273 -0.883796739184642
0.603305785123967 -0.795209594986708 -0.795209597129764
0.611570247933884 -0.701800383467678 -0.701800384691648
0.619834710743802 -0.604135527210444 -0.604135525865233
0.628099173553719 -0.502807251225219 -0.502807250453744
0.636363636363636 -0.398430006406216 -0.398430002847199
0.644628099173554 -0.291636720073112 -0.291636716093923
0.652892561983471 -0.183074975823564 -0.183074973858699
0.661157024793388 -0.073403086841951 -0.073403083541079
0.669421487603306 0.0367139123332158 0.0367139156339516
0.677685950413223 0.146608282399388 0.146608285346423
0.685950413223141 0.255613634143291 0.255613637278857
0.694214876033058 0.363068971447118 0.363068974027465
0.702479338842975 0.468322692907405 0.468322697323406
0.710743801652893 0.570736555319949 0.570736559258632
0.71900826446281 0.66968952785079 0.669689532556489
0.727272727272727 0.764581572454315 0.764581576418183
0.735537190082645 0.854837269505886 0.854837275109342
0.743801652892562 0.939909324921958 0.939909327222706
0.752066115702479 1.01928186404735 1.01928186445837
0.760330578512397 1.09247358171758 1.09247357979688
0.768595041322314 1.15904065147303 1.15904064609615
0.776859504132231 1.21857941255178 1.21857940741435
0.785123966942149 1.27072883529236 1.27072882673854
0.793388429752066 1.31517267983683 1.31517267527653
0.801652892561983 1.35164145452148 1.35164145003626
0.809917355371901 1.37991401040625 1.37991400806458
0.818181818181818 1.39981890896544 1.39981890743571
0.826446280991736 1.41123544836275 1.41123544685771
0.834710743801653 1.41409439884859 1.41409439759286
0.84297520661157 1.40837842574135 1.40837842325374
0.851239669421488 1.39412218861902 1.39412218492928
0.859504132231405 1.37141213392679 1.37141213100346
0.867768595041322 1.34038597540505 1.34038597294109
0.87603305785124 1.30123185252449 1.3012318502194
0.884297520661157 1.25418719153014 1.25418718946934
0.892561983471074 1.19953726329892 1.1995372647446
0.900826446280992 1.13761346723987 1.13761346764861
0.909090909090909 1.06879129374919 1.06879129780949
0.917355371900827 0.993488081171815 0.993488085888336
0.925619834710744 0.9121604555253 0.912160462928446
0.933884297520661 0.825301583145944 0.825301591390917
0.942148760330578 0.733438167659774 0.733438174667507
0.950413223140496 0.637127256352914 0.637127263204638
0.958677685950413 0.536952873247932 0.536952876605982
0.966942148760331 0.433522459631323 0.43352246219677
0.975206611570248 0.327463213423629 0.327463211524801
0.983471074380165 0.219418257271322 0.219418257134474
0.991735537190083 0.110042774059292 0.110042772676241

