Diagonalization of H completed in 11 iterations

0 9.86904998254882 9.86960440108936
1 39.4695475056618 39.4784176043574
2 88.7815397799449 88.8264396098042
3 157.771787100703 157.91367041743
4 246.39378525379 246.740110027234
5 354.587796862725 355.305758439217
6 482.280891655762 483.610615653379
7 629.386995626024 631.654681669719
8 795.806949051288 799.437956488238
9 981.428573334574 986.960440108936
10 1186.12674662028 1194.22213253181
11 1409.76348813501 1421.22303375687
12 1652.18805119613 1667.9631437841
13 1913.23702482562 1934.44246261351
14 2192.73444390026 2220.66099024511
15 2490.49190776445 2526.61872667888
16 2806.30870722524 2852.31567191482
17 3139.97195984435 3197.75182595295
18 3491.25675343562 3562.92718879326
19 3859.9262976715 3947.84176043574
20 4245.73208369607 4352.49554088041
21 4648.41405163734 4776.88853012725
22 5067.70076590562 5221.02072817627
23 5503.30959815997 5684.89213502747
24 5954.9469178192 6168.50275068085
25 6422.30828998945 6671.85257513641
26 6905.07868067426 7194.94160839414
27 7402.93266912944 7737.76985045406
28 7915.53466721922 8300.33730131615
29 8442.53914562589 8882.64396098042

Percentage of the k'th=n-1 approximated eigenenergies compared to the exact energies:

0 99.994382565724 %
1 99.9775317775285 %
2 99.9494521788146 %
3 99.9101513400634 %
4 99.8596398561201 %
5 99.7979313423892 %
6 99.7250424298854 %
7 99.6409927592556 %
8 99.5458049736718 %
9 99.43950471067 %
10 99.3221205928946 %
11 99.1936842177707 %
12 99.0542301461063 %
13 98.9037958896309 %
14 98.7424218974657 %
15 98.570151541546 %
16 98.3870311009898 %
17 98.1931097454263 %
18 97.9884395172861 %
19 97.7730753130658 %
20 97.547074863568 %
21 97.3104987131343 %
22 97.0634101978713 %
23 96.805875422883 %
24 96.5379632385172 %
25 96.2597452156405 %
26 95.9712956199435 %
27 95.6726913852966 %
28 95.3640120861605 %
29 95.0453399090652 %
