0 9.99999E-07 0 -0.499975125901037 -0.5
0.25 0.194700055927502 0.194700195767851 -0.499975125901037 -0.5
0.5 0.303264545951525 0.303265329856317 -0.499975125901037 -0.5
0.75 0.354272702571058 0.354274914555761 -0.499975125901037 -0.5
1 0.367874934710443 0.367879441171442 -0.499975125901037 -0.5
1.25 0.358123333169228 0.358130996075238 -0.499975125901037 -0.5
1.5 0.334683592530288 0.334695240222645 -0.499975125901037 -0.5
1.75 0.304087967142675 0.304104401038279 -0.499975125901037 -0.5
2 0.270648543243152 0.270670566473225 -0.499975125901037 -0.5
2.25 0.237119796554121 0.237148255264195 -0.499975125901037 -0.5
2.5 0.205176661437908 0.205212496559747 -0.499975125901037 -0.5
2.75 0.175757314089081 0.175801618318446 -0.499975125901037 -0.5
3 0.149307119140228 0.149361205103592 -0.499975125901037 -0.5
3.25 0.125950683547087 0.126016175453097 -0.499975125901037 -0.5
3.5 0.105611975447663 0.105690841978115 -0.499975125901037 -0.5
3.75 0.0880968607417924 0.0881915469600341 -0.499975125901037 -0.5
4 0.0731490204398389 0.0732625555549367 -0.499975125901037 -0.5
4.25 0.0604868101326916 0.0606229941132468 -0.499975125901037 -0.5
4.5 0.0498269536770359 0.0499904844220904 -0.499975125901037 -0.5
4.75 0.040898807499262 0.041095552214823 -0.499975125901037 -0.5
5 0.0334524622736416 0.0336897349954273 -0.499975125901037 -0.5
5.25 0.0272627514927547 0.0275494715957023 -0.499975125901037 -0.5
5.5 0.0221297334160166 0.0224772429115524 -0.499975125901037 -0.5
5.75 0.0178787919146874 0.0183009895799306 -0.499975125901037 -0.5
6 0.0143584010527241 0.0148725130599982 -0.499975125901037 -0.5
6.25 0.0114376716496336 0.0120653383514232 -0.499975125901037 -0.5
6.5 0.00900402604974077 0.00977235475435422 -0.499975125901037 -0.5
6.75 0.00696171999649071 0.00790343744034043 -0.499975125901037 -0.5
7 0.00522610972643195 0.00638317375888161 -0.499975125901037 -0.5
7.25 0.00372396373604864 0.00514876431910848 -0.499975125901037 -0.5
7.5 0.00239090383747046 0.00414813277610875 -0.499975125901037 -0.5
7.75 0.00116929839730951 0.00333825468946158 -0.499975125901037 -0.5
