-2 -2.19561400944242 -50.2152081072056 48.0386734910057
-1.99 -2.18378806883121 -49.7360837597603 47.7862959980487
-1.98 -2.17195447774845 -49.2594801872446 47.5345185050918
-1.97 -2.16011318801006 -48.7853913896585 47.2833410121348
-1.96 -2.14826415102646 -48.3138113670019 47.0327635191779
-1.95 -2.13640731779832 -47.8447341192749 46.782786026221
-1.94 -2.1245426389122 -47.3781536464775 46.533408533264
-1.93 -2.11267006453618 -46.9140639486096 46.2846310403071
-1.92 -2.10078954441544 -46.4524590256714 46.0364535473501
-1.91 -2.08890102786772 -45.9933328776626 45.7888760543932
-1.9 -2.07700446377882 -45.5366795045835 45.5418985614362
-1.89 -2.06509980059792 -45.0824929064339 45.2955210684793
-1.88 -2.05318698633298 -44.6307670832139 45.0497435755223
-1.87 -2.04126596854597 -44.1814960349235 44.8045660825654
-1.86 -2.02933669434808 -43.7346737615626 44.5599885896085
-1.85 -2.01739911039486 -43.2902942631313 44.3160110966515
-1.84 -2.00545316288133 -42.8483515396296 44.0726336036945
-1.83 -1.99349879753698 -42.4088395910574 43.8298561107376
-1.82 -1.9815359596207 -41.9717524174148 43.5876786177806
-1.81 -1.96956459391572 -41.5370840187018 43.3461011248237
-1.8 -1.95758464472441 -41.1048283949183 43.1051236318668
-1.79 -1.945596055863 -40.6749795460645 42.8647461389098
-1.78 -1.93359877065632 -40.2475314721402 42.6249686459529
-1.77 -1.92159273193238 -39.8224781731454 42.3857911529959
-1.76 -1.90957788201692 -39.3998136490802 42.147213660039
-1.75 -1.8975541627279 -38.9795318999446 41.909236167082
-1.74 -1.88552151536986 -38.5616269257386 41.6718586741251
-1.73 -1.87347988072828 -38.1460927264621 41.4350811811681
-1.72 -1.86142919906384 -37.7329233021152 41.1989036882112
-1.71 -1.84936941010654 -37.3221126526979 40.9633261952542
-1.7 -1.83730045304983 -36.9136547782101 40.7283487022973
-1.69 -1.82522226654464 -36.5075436786519 40.4939712093403
-1.68 -1.81313478869327 -36.1037733540233 40.2601937163834
-1.67 -1.80103795704329 -35.7023378043243 40.0270162234265
-1.66 -1.78893170858129 -35.3032310295548 39.7944387304695
-1.65 -1.77681597972656 -34.9064470297149 39.5624612375126
-1.64 -1.7646907063247 -34.5119798048045 39.3310837445556
-1.63 -1.75255582364113 -34.1198233548238 39.1003062515987
-1.62 -1.74041126635453 -33.7299716797726 38.8701287586417
-1.61 -1.72825696855016 -33.3424187796509 38.6405512656848
-1.6 -1.71609286371313 -32.9571586544589 38.4115737727278
-1.59 -1.70391888472152 -32.5741853041964 38.1831962797709
-1.58 -1.69173496383944 -32.1934927288634 37.9554187868139
-1.57 -1.67954103271005 -31.8150749284601 37.728241293857
-1.56 -1.66733702234837 -31.4389259029863 37.5016638009
-1.55 -1.65512286313404 -31.0650396524421 37.2756863079431
-1.54 -1.64289848480405 -30.6934101768275 37.0503088149862
-1.53 -1.63066381644525 -30.3240314761424 36.8255313220292
-1.52 -1.61841878648684 -29.9568975503869 36.6013538290723
-1.51 -1.60616332269273 -29.5920023995609 36.3777763361153
-1.5 -1.59389735215377 -29.2293400236646 36.1547988431583
-1.49 -1.5816208012799 -28.8689044226977 35.9324213502014
-1.48 -1.56933359579221 -28.5106895966605 35.7106438572445
-1.47 -1.55703566071482 -28.1546895455529 35.4894663642875
-1.46 -1.54472692036671 -27.8008982693748 35.2688888713306
-1.45 -1.5324072983534 -27.4493097681262 35.0489113783736
-1.44 -1.52007671755854 -27.0999180418073 34.8295338854167
-1.43 -1.50773510013533 -26.7527170904179 34.6107563924597
-1.42 -1.49538236749789 -26.4077009139581 34.3925788995028
-1.41 -1.48301844031244 -26.0648635124279 34.1750014065458
-1.4 -1.47064323848839 -25.7241988858272 33.9580239135889
-1.39 -1.45825668116929 -25.3857010341561 33.7416464206319
-1.38 -1.44585868672367 -25.0493639574146 33.525868927675
-1.37 -1.43344917273569 -24.7151816556026 33.310691434718
-1.36 -1.42102805599577 -24.3831481287202 33.0961139417611
-1.35 -1.40859525249091 -24.0532573767674 32.8821364488042
-1.34 -1.39615067739507 -23.7255033997441 32.6687589558472
-1.33 -1.38369424505925 -23.3998801976504 32.4559814628903
-1.32 -1.37122586900149 -23.0763817704863 32.2438039699333
-1.31 -1.35874546189674 -22.7550021182518 32.0322264769764
-1.3 -1.34625293556655 -22.4357352409468 31.8212489840194
-1.29 -1.33374820096862 -22.1185751385714 31.6108714910625
-1.28 -1.32123116818619 -21.8035158111255 31.4010939981055
-1.27 -1.30870174641728 -21.4905512586093 31.1919165051486
-1.26 -1.29615984396378 -21.1796754810225 30.9833390121916
-1.25 -1.28360536822037 -20.8708824783654 30.7753615192347
-1.24 -1.27103822566322 -20.5641662506379 30.5679840262777
-1.23 -1.25845832183867 -20.2595207978399 30.3612065333208
-1.22 -1.24586556135155 -19.9569401199714 30.1550290403639
-1.21 -1.23325984785346 -19.6564182170326 29.9494515474069
-1.2 -1.22064108403087 -19.3579490890233 29.74447405445
-1.19 -1.20800917159292 -19.0615267359436 29.540096561493
-1.18 -1.1953640112592 -18.7671451577934 29.3363190685361
-1.17 -1.18270550274721 -18.4747983545729 29.1331415755791
-1.16 -1.17003354475972 -18.1844803262819 28.9305640826222
-1.15 -1.15734803497188 -17.8961850729204 28.7285865896652
-1.14 -1.14464887001817 -17.6099065944886 28.5272090967083
-1.13 -1.13193594547912 -17.3256388909862 28.3264316037513
-1.12 -1.11920915586786 -17.0433759624135 28.1262541107944
-1.11 -1.10646839461643 -16.7631118087704 27.9266766178374
-1.1 -1.09371355406191 -16.4848404300568 27.7276991248805
-1.09 -1.0809445254323 -16.2085558262728 27.5293216319235
-1.08 -1.06816119883222 -15.9342519974183 27.3315441389666
-1.07 -1.05536346322835 -15.6619229434934 27.1343666460097
-1.06 -1.04255120643469 -15.3915626644981 26.9377891530527
-1.05 -1.02972431509754 -15.1231651604324 26.7418116600958
-1.04 -1.01688267468028 -14.8567244312962 26.5464341671388
-1.03 -1.00402616944786 -14.5922344770896 26.3516566741819
-1.02 -0.991154682451163 -14.3296892978126 26.1574791812249
-1.01 -0.978268095510961 -14.0690828934651 25.963901688268
-0.999999999999999 -0.965366289201745 -13.8104092640472 25.770924195311
-0.989999999999999 -0.952449142835239 -13.5536624095589 25.5785467023541
-0.979999999999999 -0.939516534443662 -13.2988363300001 25.3867692093971
-0.969999999999999 -0.926568340762735 -13.0459250253709 25.1955917164402
-0.959999999999999 -0.913604437214399 -12.7949224956713 25.0050142234832
-0.949999999999999 -0.900624697889268 -12.5458227409013 24.8150367305263
-0.939999999999999 -0.887628995528795 -12.2986197610608 24.6256592375693
-0.929999999999999 -0.874617201507152 -12.0533075561499 24.4368817446124
-0.919999999999999 -0.861589185812819 -11.8098801261685 24.2487042516555
-0.909999999999999 -0.848544817029869 -11.5683314711168 24.0611267586985
-0.899999999999999 -0.835483962318955 -11.3286555909946 23.8741492657416
-0.889999999999999 -0.822406487397983 -11.0908464858019 23.6877717727846
-0.879999999999999 -0.809312256522474 -10.8548981555389 23.5019942798277
-0.869999999999999 -0.796201132465597 -10.6208046002054 23.3168167868707
-0.859999999999999 -0.783072976497881 -10.3885598198015 23.1322392939138
-0.849999999999999 -0.769927648366592 -10.1581578143271 22.9482618009568
-0.839999999999999 -0.756765006274761 -9.92959258378233 22.7648843079999
-0.829999999999999 -0.743584906859878 -9.70285812816711 22.5821068150429
-0.819999999999999 -0.730387205172222 -9.47794844748147 22.399929322086
-0.809999999999999 -0.717171754652832 -9.25485754172539 22.218351829129
-0.799999999999999 -0.703938407111115 -9.03357941089888 22.0373743361721
-0.789999999999999 -0.690687012702073 -8.81410805500195 21.8569968432152
-0.779999999999999 -0.677417419903151 -8.59643747403458 21.6772193502582
-0.769999999999999 -0.664129475490692 -8.38056166799678 21.4980418573013
-0.759999999999999 -0.650823024516 -8.16647463688856 21.3194643643443
-0.749999999999999 -0.63749791028099 -7.9541703807099 21.1414868713874
-0.739999999999999 -0.624153974313432 -7.74364289946081 20.9641093784304
-0.729999999999999 -0.610791056341768 -7.53488619314129 20.7873318854735
-0.719999999999999 -0.597408994269498 -7.32789426175134 20.6111543925165
-0.709999999999999 -0.584007624149135 -7.12266110529096 20.4355768995596
-0.699999999999999 -0.570586780155705 -6.91918072376015 20.2605994066026
-0.689999999999999 -0.55714629455979 -6.7174471171589 20.0862219136457
-0.679999999999999 -0.543685997700113 -6.51745428548723 19.9124444206887
-0.669999999999999 -0.530205717955639 -6.31919622874513 19.7392669277318
-0.659999999999999 -0.516705281717197 -6.1226669469326 19.5666894347748
-0.649999999999999 -0.503184513358604 -5.92786044004963 19.3947119418179
-0.639999999999999 -0.489643235207289 -5.73477070809624 19.223334448861
-0.629999999999999 -0.476081267514395 -5.54339175107241 19.052556955904
-0.619999999999999 -0.46249842842436 -5.35371756897816 18.8823794629471
-0.609999999999999 -0.448894533943965 -5.16574216181347 18.7128019699901
-0.599999999999999 -0.435269397910822 -4.97945952957836 18.5438244770332
-0.589999999999999 -0.421622831961318 -4.79486367227281 18.3754469840762
-0.579999999999999 -0.407954645497982 -4.61194858989683 18.2076694911193
-0.569999999999999 -0.394264645656264 -4.43070828245042 18.0404919981623
-0.559999999999999 -0.380552637270731 -4.25113674993358 17.8739145052054
-0.549999999999999 -0.366818422840649 -4.07322799234631 17.7079370122484
-0.539999999999999 -0.353061802494943 -3.89697600968861 17.5425595192915
-0.529999999999999 -0.339282573956534 -3.72237480196048 17.3777820263345
-0.519999999999999 -0.325480532506018 -3.54941836916192 17.2136045333776
-0.509999999999999 -0.311655470944695 -3.37810071129293 17.0500270404206
-0.499999999999999 -0.29780717955692 -3.20841582835351 16.8870495474637
-0.489999999999999 -0.283935446071762 -3.04035772034366 16.7246720545068
-0.479999999999999 -0.27004005562397 -2.87392038726337 16.5628945615498
-0.469999999999999 -0.256120790714212 -2.70909782911266 16.4017170685929
-0.459999999999999 -0.242177431168583 -2.54588404589152 16.2411395756359
-0.449999999999999 -0.228209754097368 -2.38427303759994 16.081162082679
-0.439999999999999 -0.214217533853033 -2.22425880423794 15.921784589722
-0.429999999999999 -0.200200541987435 -2.0658353458055 15.7630070967651
-0.419999999999999 -0.186158547208242 -1.90899666230264 15.6048296038081
-0.409999999999999 -0.172091315334521 -1.75373675372934 15.4472521108512
-0.399999999999999 -0.157998609251506 -1.60004962008561 15.2902746178942
-0.389999999999999 -0.143880188864501 -1.44792926137146 15.1338971249373
-0.379999999999999 -0.129735811051922 -1.29736967758687 14.9781196319803
-0.369999999999999 -0.115565229617438 -1.14836486873185 14.8229421390234
-0.359999999999999 -0.101368195241212 -1.0009088348064 14.6683646460664
-0.349999999999999 -0.087144455430199 -0.854995575810519 14.5143871531095
-0.339999999999999 -0.0728937544675019 -0.710619091744209 14.3610096601526
-0.329999999999999 -0.0586158333607487 -0.567773382607465 14.2082321671956
-0.319999999999999 -0.0443104297894781 -0.426452448400295 14.0560546742387
-0.309999999999999 -0.0299772780515026 -0.286650289122693 13.9044771812817
-0.299999999999998 -0.0156161090082367 -0.14836090477466 13.7534996883248
-0.289999999999998 -0.00122665002895683 -0.0115782953561969 13.6031221953678
-0.279999999999998 0.0131913750660255 0.123703539132696 13.4533447024109
-0.269999999999998 0.0276382460633047 0.257490598692019 13.3041672094539
-0.259999999999998 0.0421142464154605 0.389788883321774 13.155589716497
-0.249999999999998 0.0566196633013025 0.520604393021961 13.00761222354
-0.239999999999998 0.0711547876873069 0.649943127792575 12.8602347305831
-0.229999999999998 0.0857199143902736 0.777811087633621 12.7134572376261
-0.219999999999998 0.10031534214123 0.904214272545098 12.5672797446692
-0.209999999999998 0.114941373650613 1.02915868252701 12.4217022517122
-0.199999999999998 0.129598315674755 1.15265031757934 12.2767247587553
-0.189999999999998 0.144286479083715 1.27469517770211 12.1323472657984
-0.179999999999998 0.15900617893047 1.39529926289531 11.9885697728414
-0.169999999999998 0.17375773452151 1.51446857315894 11.8453922798845
-0.159999999999998 0.188541469488875 1.632209108493 11.7028147869275
-0.149999999999998 0.203357711863652 1.74852686889749 11.5608372939706
-0.139999999999998 0.218206794150979 1.86342785437241 11.4194598010136
-0.129999999999998 0.23308905340659 1.97691806491776 11.2786823080567
-0.119999999999998 0.248004831314935 2.08900350053355 11.1385048150997
-0.109999999999998 0.262954474268921 2.19969016121976 10.9989273221428
-0.0999999999999984 0.277938333451293 2.3089840469764 10.8599498291858
-0.0899999999999984 0.29295676491773 2.41689115780347 10.7215723362289
-0.0799999999999984 0.308010129681657 2.52341749370098 10.5837948432719
-0.0699999999999984 0.323098793800844 2.62856905466891 10.446617350315
-0.0599999999999984 0.33822312846583 2.73235184070728 10.3100398573581
-0.0499999999999984 0.353383510090207 2.83477185181607 10.1740623644011
-0.0399999999999984 0.368580320402819 2.9358350879953 10.0386848714442
-0.0299999999999984 0.383813946541919 3.03554754924496 9.90390737848722
-0.0199999999999984 0.399084781151342 3.13391523556504 9.76972988553027
-0.00999999999999836 0.414393222478731 3.23094414695556 9.63615239257333
1.64104840827406E-15 0.429739674475869 3.32664028341651 9.50317489961638
0.0100000000000016 0.445124546901189 3.42100964494789 9.37079740665943
0.0200000000000016 0.46054825542449 3.5140582315497 9.23901991370248
0.0300000000000016 0.476011221733931 3.60579204322194 9.10784242074554
0.0400000000000016 0.491513873645361 3.69621707996461 8.97726492778859
0.0500000000000016 0.507056645214037 3.78533934177771 8.84728743483165
0.0600000000000016 0.522639976848798 3.87316482866125 8.7179099418747
0.0700000000000016 0.538264315428753 3.95969954061521 8.58913244891775
0.0800000000000016 0.553930114422552 4.0449494776396 8.4609549559608
0.0900000000000016 0.569637834010308 4.12892063973442 8.33337746300386
0.100000000000002 0.585387941208229 4.21161902689968 8.20639997004692
0.110000000000002 0.601180909996047 4.29305063913536 8.08002247708997
0.120000000000002 0.617017221447297 4.37322147644148 7.95424498413302
0.130000000000002 0.632897363862548 4.45213753881802 7.82906749117608
0.140000000000002 0.64882183290563 4.529804826265 7.70448999821913
0.150000000000002 0.664791131742971 4.60622933878241 7.58051250526218
0.160000000000002 0.680805771186096 4.68141707637024 7.45713501230524
0.170000000000002 0.6968662698374 4.75537403902851 7.33435751934829
0.180000000000002 0.712973154239256 4.82810622675721 7.21218002639134
0.190000000000002 0.729126959026574 4.89961963955634 7.09060253343439
0.200000000000002 0.74532822708288 4.9699202774259 6.96962504047745
0.210000000000002 0.761577509700033 5.03901414036589 6.8492475475205
0.220000000000002 0.777875366741655 5.10690722837631 6.72947005456356
0.230000000000002 0.794222366810398 5.17360554145716 6.61029256160661
0.240000000000002 0.810619087419142 5.23911507960844 6.49171506864966
0.250000000000002 0.82706611516623 5.30344184283015 6.37373757569272
0.260000000000002 0.843564045914858 5.36659183112229 6.25636008273577
0.270000000000002 0.860113484976732 5.42857104448487 6.13958258977882
0.280000000000002 0.876715047300112 5.48938548291787 6.02340509682188
0.290000000000002 0.893369357662365 5.5490411464213 5.90782760386493
0.300000000000002 0.910077050867155 5.60754403499517 5.79285011090799
0.310000000000002 0.926838771946396 5.66490014863946 5.67847261795104
0.320000000000002 0.943655176367113 5.72111548735419 5.56469512499409
0.330000000000002 0.96052693024334 5.77619605113935 5.45151763203714
0.340000000000002 0.977454710553201 5.83014783999493 5.3389401390802
0.350000000000002 0.994439205361332 5.88297685392095 5.22696264612325
0.360000000000002 1.01148111404678 5.9346890929174 5.11558515316631
0.370000000000002 1.02858114753657 5.98529055698428 5.00480766020936
0.380000000000002 1.04574002854503 6.03478724612158 4.89463016725241
0.390000000000002 1.06295849181917 6.08318516032932 4.78505267429547
0.400000000000002 1.08023728439016 6.13049029960749 4.67607518133852
0.410000000000002 1.09757716583114 6.17670866395609 4.56769768838157
0.420000000000002 1.11497890852161 6.22184625337512 4.45992019542463
0.430000000000002 1.13244329791846 6.26590906786459 4.35274270246768
0.440000000000002 1.14997113283396 6.30890310742448 4.24616520951074
0.450000000000002 1.16756322572088 6.3508343720548 4.14018771655379
0.460000000000002 1.18522040296489 6.39170886175556 4.03481022359684
0.470000000000002 1.20294350518461 6.43153257652674 3.9300327306399
0.480000000000002 1.22073338753933 6.47031151636835 3.82585523768295
0.490000000000002 1.23859092004487 6.5080516812804 3.722277744726
0.500000000000002 1.2565169878976 6.54475907126287 3.61930025176906
0.510000000000002 1.27451249180707 6.58043968631578 3.51692275881211
0.520000000000002 1.29257834833734 6.61509952643911 3.41514526585517
0.530000000000002 1.31071549025749 6.64874459163288 3.31396777289822
0.540000000000002 1.32892486690128 6.68138088189708 3.21339027994127
0.550000000000002 1.34720744453665 6.71301439723171 3.11341278698432
0.560000000000002 1.36556420674498 6.74365113763677 3.01403529402738
0.570000000000002 1.38399615481067 6.77329710311225 2.91525780107043
0.580000000000002 1.40250430812132 6.80195829365818 2.81708030811349
0.590000000000002 1.42108970457871 6.82964070927452 2.71950281515654
0.600000000000002 1.43975340102115 6.8563503499613 2.6225253221996
0.610000000000002 1.45849647365736 6.88209321571852 2.52614782924265
0.620000000000002 1.47732001851236 6.90687530654616 2.4303703362857
0.630000000000002 1.49622515188576 6.93070262244423 2.33519284332875
0.640000000000002 1.51521301082279 6.95358116341273 2.24061535037181
0.650000000000002 1.53428475359856 6.97551692945167 2.14663785741486
0.660000000000002 1.55344156021593 6.99651592056103 2.05326036445792
0.670000000000002 1.57268463291748 7.01658413674082 1.96048287150097
0.680000000000002 1.59201519671197 7.03572757799105 1.86830537854402
0.690000000000002 1.6114344999159 7.0539522443117 1.77672788558708
0.700000000000002 1.63094381471058 7.07126413570279 1.68575039263013
0.710000000000002 1.65054443771524 7.08766925216431 1.59537289967318
0.720000000000002 1.67023769057674 7.10317359369625 1.50559540671624
0.730000000000002 1.69002492057647 7.11778316029863 1.41641791375929
0.740000000000002 1.70990750125495 7.13150395197144 1.32784042080234
0.750000000000002 1.72988683305486 7.14434196871468 1.2398629278454
0.760000000000002 1.74996434398297 7.15630321052835 1.15248543488845
0.770000000000002 1.7701414902918 7.16739367741245 1.0657079419315
0.780000000000002 1.79041975718152 7.17761936936698 0.979530448974559
0.790000000000002 1.81080065952302 7.18698628639194 0.89395295601761
0.800000000000002 1.83128574260259 7.19550042848733 0.808975463060666
0.810000000000002 1.85187658288934 7.20316779565315 0.724597970103718
0.820000000000002 1.87257478882581 7.20999438788941 0.640820477146771
0.830000000000002 1.89338200164285 7.21598620519609 0.557642984189825
0.840000000000002 1.91429989619954 7.2211492475732 0.475065491232879
0.850000000000002 1.93533018184908 7.22548951502075 0.393087998275932
0.860000000000002 1.9564746033315 7.22901300753872 0.31171050531899
0.870000000000002 1.97773494169436 7.23172572512713 0.23093301236204
0.880000000000002 1.99911301524227 7.23363366778596 0.150755519405096
0.890000000000002 2.02061068051639 7.23474283551523 0.071178026448148
0.900000000000002 2.04222983330501 7.23505922831492 -0.00779946650879776
0.910000000000002 2.06397240968635 7.23458884618505 -0.0861769594657458
0.920000000000002 2.0858403871048 7.23333768912561 -0.163954452422691
0.930000000000002 2.10783578548182 7.2313117571366 -0.241131945379639
0.940000000000002 2.12996066836292 7.22851705021802 -0.317709438336583
0.950000000000002 2.15221714410189 7.22495956836987 -0.393686931293532
0.960000000000002 2.17460736708394 7.22064531159215 -0.469064424250475
0.970000000000002 2.1971335389891 7.21558027988486 -0.543841917207424
0.980000000000002 2.21979791009738 7.209770473248 -0.618019410164369
0.990000000000002 2.2426027806376 7.20322189168157 -0.691596903121316
1 2.26555050218115 7.19594053518557 -0.764574396078262
1.01 2.28864347908292 7.18793240376 -0.836951889035209
1.02 2.3118841699709 7.17920349740487 -0.908729381992154
1.03 2.33527508928653 7.16975981612016 -0.979906874949103
1.04 2.35881880887794 7.15960735990589 -1.05048436790605
1.05 2.38251795964794 7.14875212876204 -1.12046186086299
1.06 2.4063752332592 7.13720012268863 -1.18983935381994
1.07 2.43039338389888 7.12495734168564 -1.25861684677689
1.08 2.45457523010511 7.11202978575309 -1.32679433973383
1.09 2.47892365665785 7.09842345489096 -1.39437183269078
1.1 2.50344161653694 7.08414434909927 -1.46134932564773
1.11 2.5281321329499 7.06919846837801 -1.52772681860467
1.12 2.55299830143262 7.05359181272718 -1.59350431156162
1.13 2.5780432920259 7.03733038214678 -1.65868180451856
1.14 2.60327035153111 7.02042017663681 -1.72325929747551
1.15 2.62868280584825 7.00286719619727 -1.78723679043245
1.16 2.65428406240008 6.98467744082816 -1.8506142833894
1.17 2.68007761264593 6.96585691052948 -1.91339177634635
1.18 2.70606703468918 6.94641160530123 -1.97556926930329
1.19 2.73225599598239 6.92634752514341 -2.03714676226024
1.2 2.75864825613451 6.90567067005603 -2.09812425521719
1.21 2.78524766982455 6.88438704003907 -2.15850174817414
1.22 2.81205818982662 6.86250263509254 -2.21827924113108
1.23 2.83908387015114 6.84002345521645 -2.27745673408803
1.24 2.86632886930768 6.81695550041078 -2.33603422704497
1.25 2.89379745369472 6.79330477067555 -2.39401172000192
1.26 2.92149400112242 6.76907726601074 -2.45138921295887
1.27 2.94942300447418 6.74427898641637 -2.50816670591581
1.28 2.97758907551377 6.71891593189243 -2.56434419887276
1.29 3.00599694884453 6.69299410243892 -2.61992169182971
1.3 3.03465148602803 6.66651949805583 -2.67489918478665
1.31 3.06355767986947 6.63949811874318 -2.7292766777436
1.32 3.09272065887804 6.61193596450096 -2.78305417070054
1.33 3.12214569191038 6.58383903532917 -2.83623166365749
1.34 3.1518381930061 6.55521333122781 -2.88880915661444
1.35 3.18180372642476 6.52606485219688 -2.94078664957138
1.36 3.21204801189392 6.49639959823638 -2.99216414252833
1.37 3.24257693007903 6.46622356934632 -3.04294163548528
1.38 3.27339652828578 6.43554276552668 -3.09311912844222
1.39 3.30451302640685 6.40436318677747 -3.14269662139917
1.4 3.33593282312518 6.37269083309869 -3.19167411435611
1.41 3.36766250238686 6.34053170449035 -3.24005160731306
1.42 3.39970884015734 6.30789180095243 -3.28782910027001
1.43 3.43207881147561 6.27477712248495 -3.33500659322695
1.44 3.46477959782181 6.24119366908789 -3.3815840861839
1.45 3.4978185948145 6.20714744076127 -3.42756157914085
1.46 3.5312034202552 6.17264443750508 -3.47293907209779
1.47 3.56494192253832 6.13769065931932 -3.51771656505474
1.48 3.59904218944624 6.10229210620398 -3.56189405801169
1.49 3.63351255735014 6.06645477815908 -3.60547155096863
1.5 3.66836162083871 6.03018467518461 -3.64844904392558
1.51 3.70359824279796 5.99348779728057 -3.69082653688253
1.52 3.7392315649673 5.95637014444696 -3.73260402983947
1.53 3.77527101899797 5.91883771668378 -3.77378152279642
1.54 3.81172633804233 5.88089651399103 -3.81435901575337
1.55 3.84860756890373 5.84255253636871 -3.85433650871031
1.56 3.88592508477893 5.80381178381683 -3.89371400166726
1.57 3.9236895986272 5.76468025633537 -3.9324914946242
1.58 3.96191217720215 5.72516395392434 -3.97066898758115
1.59 4.00060425578522 5.68526887658374 -4.0082464805381
1.6 4.03977765366182 5.64500102431358 -4.04522397349504
1.61 4.0794445903845 5.60436639711384 -4.08160146645199
1.62 4.11961770287005 5.56337099498454 -4.11737895940894
1.63 4.16031006338094 5.52202081792566 -4.15255645236588
1.64 4.20153519844495 5.48032186593722 -4.18713394532283
1.65 4.24330710877071 5.43828013901921 -4.22111143827977
1.66 4.28564029022071 5.39590163717163 -4.25448893123672
1.67 4.3285497559081 5.35319236039447 -4.28726642419367
1.68 4.37205105948812 5.31015830868775 -4.31944391715062
1.69 4.41616031972014 5.26680548205146 -4.35102141010756
1.7 4.46089424638218 5.2231398804856 -4.38199890306451
1.71 4.50627016762547 5.17916750399017 -4.41237639602145
1.72 4.55230605886341 5.13489435256517 -4.4421538889784
1.73 4.59902057329641 5.0903264262106 -4.47133138193534
1.74 4.64643307418158 5.04546972492647 -4.49990887489229
1.75 4.69456366896514 5.00033024871276 -4.52788636784924
1.76 4.74343324540398 4.95491399756948 -4.55526386080618
1.77 4.79306350981324 4.90922697149663 -4.58204135376313
1.78 4.84347702758735 4.86327517049422 -4.60821884672008
1.79 4.89469726615391 4.81706459456223 -4.63379633967702
1.8 4.94674864053268 4.77060124370068 -4.65877383263397
1.81 4.99965656168592 4.72389111790955 -4.68315132559091
1.82 5.05344748786201 4.67694021718886 -4.70692881854786
1.83 5.10814897915076 4.62975454153859 -4.73010631150481
1.84 5.16378975548761 4.58234009095876 -4.75268380446175
1.85 5.22039975836383 4.53470286544936 -4.7746612974187
1.86 5.27801021652241 4.48684886501039 -4.79603879037565
1.87 5.33665371594321 4.43878408964185 -4.81681628333259
1.88 5.3963642744482 4.39051453934374 -4.83699377628954
1.89 5.45717742128671 4.34204621411606 -4.85657126924648
1.9 5.51913028209342 4.29338511395881 -4.87554876220343
1.91 5.58226166964719 4.24453723887199 -4.89392625516038
1.92 5.64661218089889 4.1955085888556 -4.91170374811732
1.93 5.71222430077954 4.14630516390964 -4.92888124107427
1.94 5.77914251334869 4.09693296403411 -4.94545873403122
1.95 5.84741342089647 4.04739798922902 -4.96143622698816
1.96 5.91708587167191 3.99770623949435 -4.97681371994511
1.97 5.98821109697621 3.94786371483011 -4.99159121290206
1.98 6.06084285843282 3.89787641523631 -5.005768705859
1.99 6.13503760632772 3.84775034071293 -5.01934619881595
2 6.2108546500041 3.79749149125999 -5.03232369177289
2.01 6.28835634139721 3.74710586687748 -5.04470118472984
2.02 6.36760827290847 3.6965994675654 -5.05647867768679
2.03 6.4486794909446 3.64597829332374 -5.06765617064373
2.04 6.53164272658989 3.59524834415252 -5.07823366360068
2.05 6.61657464503935 3.54441562005173 -5.08821115655762
2.06 6.70355611559967 3.49348612102137 -5.09758864951457
2.07 6.79267250426711 3.44246584706144 -5.10636614247152
2.08 6.88401399111897 3.39136079817194 -5.11454363542846
2.09 6.97767591501301 3.34017697435288 -5.12212112838541
2.1 7.07375914837968 3.28892037560424 -5.12909862134235
2.11 7.17237050522268 3.23759700192603 -5.1354761142993
2.12 7.27362318581753 3.18621285331825 -5.14125360725625
2.13 7.37763726202444 3.13477392978091 -5.14643110021319
2.14 7.48454020761731 3.08328623131399 -5.15100859317014
2.15 7.59446747858596 3.03175575791751 -5.15498608612709
2.16 7.70756314900316 2.98018850959145 -5.15836357908404
2.17 7.82398060877645 2.92859048633583 -5.16114107204098
2.18 7.94388333044141 2.87696768815064 -5.16331856499792
2.19 8.06744571311673 2.82532611503587 -5.16489605795487
2.2 8.19485401285402 2.77367176699154 -5.16587355091182
2.21 8.32630736990278 2.72201064401764 -5.16625104386877
2.22 8.46201894490434 2.67034874611417 -5.16602853682571
2.23 8.6022171777654 2.61869207328113 -5.16520602978266
2.24 8.7471471849871 2.56704662551852 -5.1637835227396
2.25 8.8970723135936 2.51541840282634 -5.16176101569655
2.26 9.0522758725805 2.46381340520459 -5.1591385086535
2.27 9.21306306606918 2.41223763265327 -5.15591600161045
2.28 9.37976315620448 2.36069708517238 -5.15209349456739
2.29 9.55273188839161 2.30919776276192 -5.14767098752434
2.3 9.73235421687947 2.2577456654219 -5.14264848048128
2.31 9.91904737514541 2.2063467931523 -5.13702597343823
2.32 10.1132643432443 2.15500714595313 -5.13080346639518
2.33 10.3154977735371 2.1037327238244 -5.12398095935212
2.34 10.5262844473588 2.05252952676609 -5.11655845230907
2.35 10.7462103486713 2.00140355477822 -5.10853594526602
2.36 10.9759164571261 1.95036080786078 -5.09991343822296
2.37 11.2161053829542 1.89940728601376 -5.09069093117991
2.38 11.4675489906121 1.84854898923718 -5.08086842413686
2.38999999999999 11.7310971883101 1.79779191753103 -5.07044591709381
2.39999999999999 12.0076880979571 1.74714207089531 -5.05942341005075
2.40999999999999 12.2983598666301 1.69660544933001 -5.0478009030077
2.41999999999999 12.6042644390162 1.64618805283515 -5.03557839596465
2.42999999999999 12.9266836837798 1.59589588141072 -5.0227558889216
2.43999999999999 13.267048360032 1.54573493505672 -5.00933338187854
2.44999999999999 13.626960529098 1.49571121377316 -4.99531087483549
2.45999999999999 14.0082201698553 1.44583071756002 -4.98068836779244
2.46999999999999 14.4128569542821 1.39609944641731 -4.96546586074938
2.47999999999999 14.8431683990469 1.34652340034503 -4.94964335370633
2.48999999999999 15.3017659505841 1.29710857934318 -4.93322084666328
2.49999999999999 15.7916310155894 1.24786098341177 -4.91619833962022
2.50999999999999 16.3161835596092 1.19878661255078 -4.89857583257717
2.51999999999999 16.8793667260236 1.14989146676023 -4.88035332553412
2.52999999999999 17.4857520678805 1.1011815460401 -4.86153081849106
2.53999999999999 18.1406715718519 1.05266285039041 -4.84210831144802
2.54999999999999 18.8503848925115 1.00434137981114 -4.82208580440496
2.55999999999999 19.6222934217303 0.95622313430231 -4.80146329736191
2.56999999999999 20.465217486268 0.908314113863907 -4.78024079031886
2.57999999999999 21.3897598862814 0.860620318495935 -4.75841828327581
2.58999999999999 22.4087894502158 0.813147748198393 -4.73599577623275
2.59999999999999 23.5380944547652 0.765902402971282 -4.7129732691897
2.60999999999999 24.7972813832047 0.718890282814601 -4.68935076214665
2.61999999999999 26.2110362356743 0.672117387728351 -4.6651282551036
2.62999999999999 27.8109357628581 0.625589717712531 -4.64030574806054
2.63999999999999 29.6381182130101 0.579313272767142 -4.61488324101749
2.64999999999999 31.7473450434732 0.533294052892183 -4.58886073397444
2.65999999999999 34.2134075406941 0.487538058087655 -4.56223822693138
2.66999999999999 37.1416834837966 0.442051288353557 -4.53501571988833
2.67999999999999 40.6864832013159 0.39683974368989 -4.50719321284528
2.68999999999999 45.0851136713696 0.351909424096654 -4.47877070580223
2.69999999999999 50.7266938679374 0.307266329573848 -4.44974819875918
2.70999999999999 58.3075124562018 0.262916460121472 -4.42012569171612
2.71999999999999 69.2398644604261 0.218865815739527 -4.38990318467307
2.72999999999999 87.0023208298584 0.175120396428013 -4.35908067763002
2.73999999999999 123.687456819395 0.131686202186929 -4.32765817058697
2.74999999999999 279.827579532116 0.0885692330162751 -4.29563566354392
2.75999999999999 -197.613231975251 0.0457754889160521 -4.26301315650086
2.76999999999999 -5.71056513868364 0.00331096988625964 -4.22979064945781
2.77999999999999 53.3253419278698 -0.0388183240731023 -4.19596814241476
2.78999999999999 119.221167215788 -0.0806063929620337 -4.16154563537171
2.79999999999999 287.668493058193 -0.122047236780535 -4.12652312832866
2.80999999999999 -5914.73312281511 -0.163134855528605 -4.09090062128561
2.81999999999999 -300.052313812233 -0.203863249206245 -4.05467811424256
2.82999999999999 -159.492692100933 -0.244226417813454 -4.0178556071995
2.83999999999999 -110.029316261369 -0.284218361350233 -3.98043310015644
2.84999999999999 -84.4423741369477 -0.323833079816582 -3.9424105931134
2.85999999999998 -68.6737339875416 -0.363064573212499 -3.90378808607034
2.86999999999998 -57.922927675441 -0.401906841537987 -3.86456557902729
2.87999999999998 -50.0943320361437 -0.440353884793044 -3.82474307198424
2.88999999999998 -44.1232982014124 -0.47839970297767 -3.78432056494119
2.89999999999998 -39.4097379894073 -0.516038296091866 -3.74329805789814
2.90999999999998 -35.5887498471637 -0.553263664135631 -3.70167555085508
2.91999999999998 -32.4252100628842 -0.590069807108966 -3.65945304381203
2.92999999999998 -29.7605308098227 -0.62645072501187 -3.61663053676898
2.93999999999998 -27.4837146884925 -0.662400417844344 -3.57320802972593
2.94999999999998 -25.5146618247204 -0.697912885606387 -3.52918552268288
2.95999999999998 -23.7940653426755 -0.732982128298 -3.48456301563983
2.96999999999998 -22.2770421614554 -0.767602145919182 -3.43934050859678
2.97999999999998 -20.9289778988021 -0.801766938469934 -3.39351800155372
2.98999999999998 -19.7227349092201 -0.835470505950255 -3.34709549451067
2.99999999999998 -18.6367274654777 -0.868706848360146 -3.30007298746762
3.00999999999998 -17.6535645313312 -0.901469965699606 -3.25245048042457
3.01999999999998 -16.7590734981811 -0.933753857968636 -3.20422797338152
3.02999999999998 -15.9415853791442 -0.965552525167235 -3.15540546633847
3.03999999999998 -15.191403045592 -0.996859967295404 -3.10598295929542
3.04999999999998 -14.5003999184328 -1.02767018435314 -3.05596045225236
3.05999999999998 -13.861713147242 -1.05797717634045 -3.00533794520931
3.06999999999998 -13.2695062366278 -1.08777494325733 -2.95411543816626
3.07999999999998 -12.7187834019716 -1.11705748510377 -2.90229293112321
3.08999999999998 -12.2052429314123 -1.14581880187979 -2.84987042408016
3.09999999999998 -11.7251602930041 -1.17405289358538 -2.79684791703711
3.10999999999998 -11.2752941613865 -1.20175376022053 -2.74322540999406
3.11999999999998 -10.8528102749864 -1.22891540178526 -2.68900290295101
3.12999999999998 -10.455219288886 -1.25553181827955 -2.63418039590795
3.13999999999998 -10.0803257047492 -1.28159700970341 -2.5787578888649
3.14999999999998 -9.72618563593573 -1.30710497605685 -2.52273538182185
3.15999999999998 -9.39107167083754 -1.33204971733985 -2.4661128747788
3.16999999999998 -9.07344347776181 -1.35642523355242 -2.40889036773575
3.17999999999998 -8.77192308366015 -1.38022552469456 -2.3510678606927
3.18999999999998 -8.48527398042818 -1.40344459076628 -2.29264535364965
3.19999999999998 -8.21238338349423 -1.42607643176756 -2.2336228466066
3.20999999999998 -7.9522471004437 -1.44811504769841 -2.17400033956355
3.21999999999998 -7.70395657163983 -1.46955443855883 -2.11377783252049
3.22999999999998 -7.4666877269807 -1.49038860434881 -2.05295532547744
3.23999999999998 -7.23969136814192 -1.51061154506837 -1.99153281843439
3.24999999999998 -7.0222848377037 -1.5302172607175 -1.92951031139134
3.25999999999998 -6.81384477834093 -1.5491997512962 -1.86688780434829
3.26999999999998 -6.61380081897022 -1.56755301680447 -1.80366529730524
3.27999999999998 -6.42163005209402 -1.5852710572423 -1.73984279026219
3.28999999999998 -6.23685218887005 -1.60234787260971 -1.67542028321914
3.29999999999998 -6.05902529668353 -1.61877746290669 -1.61039777617609
3.30999999999998 -5.8877420390086 -1.63455382813323 -1.54477526913304
3.31999999999998 -5.72262634974112 -1.64967096828935 -1.47855276208999
3.32999999999997 -5.56333048446437 -1.66412288337503 -1.41173025504694
3.33999999999997 -5.40953239966615 -1.67790357339028 -1.34430774800389
3.34999999999997 -5.26093341807606 -1.69100703833511 -1.27628524096084
3.35999999999997 -5.11725614428719 -1.7034272782095 -1.20766273391778
3.36999999999997 -4.97824259987167 -1.71515829301346 -1.13844022687473
3.37999999999997 -4.84365255145821 -1.72619408274699 -1.06861771983168
3.38999999999997 -4.71326200884678 -1.7365286474101 -0.998195212788632
3.39999999999997 -4.58686187329946 -1.74615598700277 -0.927172705745581
3.40999999999997 -4.46425671875683 -1.75507010152501 -0.855550198702531
3.41999999999997 -4.34526369095964 -1.76326499097682 -0.783327691659482
3.42999999999997 -4.22971151136609 -1.7707346553582 -0.710505184616431
3.43999999999997 -4.11743957439669 -1.77747309466915 -0.637082677573381
3.44999999999997 -4.00829712795183 -1.78347430890966 -0.563060170530332
3.45999999999997 -3.90214252836794 -1.78873229807975 -0.48843766348728
3.46999999999997 -3.79884256203376 -1.79324106217941 -0.41321515644423
3.47999999999997 -3.6982718268046 -1.79699460120864 -0.337392649401179
3.48999999999997 -3.60031216714853 -1.79998691516743 -0.26097014235813
3.49999999999997 -3.50485215765246 -1.8022120040558 -0.183947635315078
3.50999999999997 -3.41178663012143 -1.80366386787373 -0.106325128272029
3.51999999999997 -3.3210162400348 -1.80433650662124 -0.0281026212289793
3.52999999999997 -3.2324470685868 -1.80422392029831 0.0507198858140731
3.53999999999997 -3.14599025694766 -1.80332010890496 0.130142392857123
3.54999999999997 -3.06156166973969 -1.80161907244117 0.210164899900171
3.55999999999997 -2.9790815850395 -1.79911481090695 0.290787406943221
3.56999999999997 -2.89847440849688 -1.79580132430231 0.372009913986272
3.57999999999997 -2.81966840940779 -1.79167261262723 0.453832421029321
3.58999999999997 -2.742595476798 -1.78672267588172 0.536254928072372
3.59999999999997 -2.66719089376821 -1.78094551406578 0.619277435115422
3.60999999999997 -2.59339312852415 -1.77433512717941 0.702899942158471
3.61999999999997 -2.52114364066891 -1.76688551522261 0.787122449201521
3.62999999999997 -2.45038670147176 -1.75859067819538 0.871944956244571
3.63999999999997 -2.38106922695035 -1.74944461609772 0.957367463287621
3.64999999999997 -2.31314062271217 -1.73944132892963 1.04338997033067
3.65999999999997 -2.24655263959953 -1.72857481669111 1.13001247737372
3.66999999999997 -2.18125923926999 -1.71683907938216 1.21723498441677
3.67999999999997 -2.11721646892291 -1.70422811700277 1.30505749145982
3.68999999999997 -2.05438234445395 -1.69073592955296 1.39347999850287
3.69999999999997 -1.99271674138282 -1.67635651703272 1.48250250554592
3.70999999999997 -1.93218129295743 -1.66108387944204 1.57212501258897
3.71999999999997 -1.87273929488903 -1.64491201678094 1.66234751963202
3.72999999999997 -1.81435561622023 -1.6278349290494 1.75317002667507
3.73999999999997 -1.7569966158698 -1.60984661624744 1.84459253371812
3.74999999999997 -1.70063006443669 -1.59094107837504 1.93661504076117
3.75999999999997 -1.64522507088046 -1.57111231543222 2.02923754780422
3.76999999999997 -1.59075201372673 -1.55035432741896 2.12246005484727
3.77999999999997 -1.53718247647505 -1.52866111433527 2.21628256189032
3.78999999999997 -1.48448918691256 -1.50602667618115 2.31070506893336
3.79999999999996 -1.43264596006054 -1.4824450129566 2.40572757597641
3.80999999999996 -1.38162764450239 -1.45791012466163 2.50135008301946
3.81999999999996 -1.33141007186162 -1.43241601129622 2.59757259006251
3.82999999999996 -1.281970009216 -1.40595667286038 2.69439509710556
3.83999999999996 -1.23328511425056 -1.37852610935411 2.79181760414861
3.84999999999996 -1.18533389296745 -1.3501183207774 2.88984011119166
3.85999999999996 -1.13809565978381 -1.32072730713027 2.98846261823471
3.86999999999996 -1.09155049986197 -1.29034706841271 3.08768512527776
3.87999999999996 -1.04567923352741 -1.25897160462472 3.18750763232081
3.88999999999996 -1.00046338264077 -1.2265949157663 3.28793013936386
3.89999999999996 -0.95588513879971 -1.19321100183744 3.38895264640691
3.90999999999996 -0.911927333255553 -1.15881386283816 3.49057515344996
3.91999999999996 -0.868573408437635 -1.12339749876845 3.59279766049301
3.92999999999996 -0.825807390986057 -1.0869559096283 3.69562016753606
3.93999999999996 -0.783613866200348 -1.04948309541773 3.7990426745791
3.94999999999996 -0.741977953818062 -1.01097305613672 3.90306518162215
3.95999999999996 -0.700885285043184 -0.971419791785285 4.0076876886652
3.96999999999996 -0.660321980749738 -0.930817302363419 4.11291019570825
3.97999999999996 -0.620274630791024 -0.889159587871122 4.2187327027513
3.98999999999996 -0.58073027434957 -0.846440648308394 4.32515520979435
3.99999999999996 -0.541676381267224 -0.802654483675237 4.4321777168374
4.00999999999996 -0.503100834298785 -0.757795093971647 4.53980022388045
4.01999999999996 -0.464991912236319 -0.711856479197628 4.6480227309235
4.02999999999996 -0.427338273854676 -0.664832639353179 4.75684523796655
4.03999999999996 -0.390128942631971 -0.616717574438299 4.8662677450096
4.04999999999996 -0.353353292201715 -0.567505284452989 4.97629025205265
4.05999999999996 -0.317001032496029 -0.517189769397248 5.08691275909569
4.06999999999996 -0.28106219654193 -0.465765029271077 5.19813526613874
4.07999999999996 -0.245527127875048 -0.413225064074476 5.30995777318179
4.08999999999996 -0.210386468537347 -0.359563873807443 5.42238028022484
4.09999999999996 -0.175631147627461 -0.304775458469981 5.53540278726789
4.10999999999996 -0.141252370374175 -0.248853818062088 5.64902529431094
4.11999999999996 -0.107241607705384 -0.191792952583765 5.76324780135399
4.12999999999996 -0.073590586286481 -0.133586862035011 5.87807030839704
4.13999999999996 -0.0402912790037284 -0.0742295464158272 5.99349281544008
4.14999999999996 -0.00733589586957084 -0.0137150057262113 6.10951532248313
4.15999999999996 0.0252831246717737 0.0479627600338333 6.22613782952618
4.16999999999996 0.0575731240588624 0.110809750864309 6.34336033656923
4.17999999999996 0.0895412315669297 0.174831966765215 6.46118284361228
4.18999999999996 0.121194371919279 0.240035407736552 6.57960535065533
4.19999999999996 0.152539272573252 0.306426073778319 6.69862785769838
4.20999999999996 0.183582470696886 0.374009964890517 6.81825036474142
4.21999999999996 0.214330319851494 0.442793081073145 6.93847287178447
4.22999999999996 0.244788996394513 0.512781422326203 7.05929537882752
4.23999999999996 0.274964505616206 0.583980988649692 7.18071788587057
4.24999999999996 0.304862687623026 0.656397780043612 7.30274039291362
4.25999999999996 0.334489222979771 0.730037796507961 7.42536289995667
4.26999999999996 0.363849638121995 0.804907038042741 7.54858540699971
4.27999999999996 0.392949310549506 0.881011504647952 7.67240791404276
4.28999999999995 0.421793473811222 0.958357196323594 7.79683042108581
4.29999999999995 0.450387222291106 1.03695011306967 7.92185292812886
4.30999999999995 0.478735515804367 1.11679625488617 8.04747543517191
4.31999999999995 0.506843184012668 1.1979016217731 8.17369794221495
4.32999999999995 0.534714930666581 1.28027221373046 8.300520449258
4.33999999999995 0.562355337683143 1.36391403075826 8.42794295630105
4.34999999999995 0.589768869065932 1.44883307285648 8.5559654633441
4.35999999999995 0.616959874674729 1.53503534002514 8.68458797038715
4.36999999999995 0.643932593851437 1.62252683226422 8.8138104774302
4.37999999999995 0.670691158908638 1.71131354957373 8.94363298447325
4.38999999999995 0.697239598486801 1.80140149195368 9.07405549151629
4.39999999999995 0.723581840785885 1.89279665940406 9.20507799855934
4.40999999999995 0.749721716676788 1.98550505192486 9.33670050560239
4.41999999999995 0.77566296269782 2.0795326695161 9.46892301264544
4.42999999999995 0.801409223941127 2.17488551217777 9.60174551968848
4.43999999999995 0.826964056833755 2.27156957990987 9.73516802673153
4.44999999999995 0.852330931817817 2.3695908727124 9.86919053377458
4.45999999999995 0.877513235933999 2.46895539058535 10.0038130408176
4.46999999999995 0.902514275312468 2.56966913352874 10.1390355478607
4.47999999999995 0.927337277575003 2.67173810154256 10.2748580549037
4.48999999999995 0.951985394152049 2.77516829462681 10.4112805619468
4.49999999999995 0.976461702518171 2.87996571278149 10.5483030689898
4.50999999999995 1.00076920834925 2.98613635600661 10.6859255760329
4.51999999999995 1.02491084760457 3.09368622430215 10.8241480830759
4.52999999999995 1.04888948853694 3.20262131766812 10.962970590119
4.53999999999995 1.0727079336335 3.31294763610452 11.102393097162
4.54999999999995 1.09636892149032 3.42467117961135 11.2424156042051
4.55999999999995 1.11987512862308 3.53779794818862 11.3830381112481
4.56999999999995 1.14322917121658 3.65233394183631 11.5242606182912
4.57999999999995 1.16643360681541 3.76828516055444 11.6660831253342
4.58999999999995 1.18949093595805 3.88565760434299 11.8085056323772
4.59999999999995 1.21240360375662 4.00445727320198 11.9515281394203
4.60999999999995 1.23517400142438 4.12469016713139 12.0951506464633
4.61999999999995 1.25780446775302 4.24636228613124 12.2393731535064
4.62999999999995 1.28029729054156 4.36947963020151 12.3841956605494
4.63999999999995 1.30265470797878 4.49404819934222 12.5296181675925
4.64999999999995 1.32487890998091 4.62007399355336 12.6756406746355
4.65999999999995 1.34697203948632 4.74756301283492 12.8222631816786
4.66999999999995 1.36893619370864 4.87652125718692 12.9694856887216
4.67999999999995 1.39077342535006 5.00695472660935 13.1173081957647
4.68999999999995 1.41248574377619 5.13886942110221 13.2657307028077
4.69999999999995 1.43407511615387 5.2722713406655 13.4147532098508
4.70999999999995 1.45554346855332 5.40716648529922 13.5643757168938
4.71999999999995 1.47689268701592 5.54356085500337 13.7145982239369
4.72999999999995 1.4981246185889 5.68146044977795 13.8654207309799
4.73999999999995 1.51924107232804 5.82087126962296 14.016843238023
4.74999999999994 1.54024382026962 5.96179931453841 14.168865745066
4.75999999999994 1.56113459837267 6.10425058452428 14.321488252109
4.76999999999994 1.58191510743258 6.24823107958058 14.4747107591521
4.77999999999994 1.60258701396711 6.39374679970731 14.6285332661951
4.78999999999994 1.62315195107565 6.54080374490448 14.7829557732382
4.79999999999994 1.64361151927291 6.68940791517207 14.9379782802812
4.80999999999994 1.66396728729762 6.8395653105101 15.0936007873243
4.81999999999994 1.68422079289735 6.99128193091855 15.2498232943673
4.82999999999994 1.70437354359017 7.14456377639744 15.4066458014104
4.83999999999994 1.72442701740393 7.29941684694675 15.5640683084534
4.84999999999994 1.74438266359395 7.4558471425665 15.7220908154965
4.85999999999994 1.76424190333989 7.61386066325667 15.8807133225395
4.86999999999994 1.78400613042239 7.77346340901728 16.0399358295826
4.87999999999994 1.80367671188031 7.93466137984832 16.1997583366256
4.88999999999994 1.82325498864906 8.09746057574979 16.3601808436687
4.89999999999994 1.84274227618082 8.26186699672168 16.5212033507117
4.90999999999994 1.86213986504708 8.42788664276401 16.6828258577548
4.91999999999994 1.88144902152419 8.59552551387677 16.8450483647978
4.92999999999994 1.90067098816246 8.76478961005996 17.0078708718408
4.93999999999994 1.91980698433934 8.93568493131358 17.1712933788839
4.94999999999994 1.93885820679715 9.10821747763763 17.3353158859269
4.95999999999994 1.95782583016594 9.28239324903211 17.49993839297
4.96999999999994 1.97671100747194 9.45821824549702 17.665160900013
4.97999999999994 1.99551487063198 9.63569846703237 17.8309834070561
4.98999999999994 2.01423853093446 9.81483991363814 17.9974059140991
4.99999999999994 2.03288307950719 9.99564858531434 18.1644284211422
5.00999999999994 2.05144958777254 10.178130482061 18.3320509281852
5.01999999999994 2.06993910789036 10.362291603878 18.5002734352283
5.02999999999994 2.08835267318897 10.5481379507655 18.6690959422713
5.03999999999994 2.10669129858464 10.7356755227235 18.8385184493144
5.04999999999994 2.12495598098991 10.9249103197518 19.0085409563574
5.05999999999994 2.14314769971105 11.1158483418506 19.1791634634004
5.06999999999994 2.16126741683512 11.3084955890198 19.3503859704435
5.07999999999994 2.17931607760678 11.5028580612595 19.5222084774865
5.08999999999994 2.1972946107953 11.6989417585695 19.6946309845296
5.09999999999994 2.21520392905197 11.89675268095 19.8676534915726
5.10999999999994 2.23304492925829 12.096296828401 20.0412759986157
5.11999999999994 2.25081849286512 12.2975802009223 20.2154985056587
5.12999999999994 2.2685254862232 12.5006087985141 20.3903210127018
5.13999999999994 2.28616676090508 12.7053886211764 20.5657435197448
5.14999999999994 2.30374315401899 12.911925668909 20.7417660267879
5.15999999999994 2.32125548851464 13.1202259417121 20.9183885338309
5.16999999999994 2.33870457348132 13.3302954395856 21.095611040874
5.17999999999994 2.35609120443855 13.5421401625296 21.273433547917
5.18999999999994 2.37341616361935 13.755766110544 21.45185605496
5.19999999999994 2.39068022024655 13.9711792836288 21.6308785620031
5.20999999999994 2.40788413080214 14.188385681784 21.8105010690461
5.21999999999993 2.42502863929002 14.4073913050097 21.9907235760892
5.22999999999993 2.44211447749224 14.6282021533058 22.1715460831322
5.23999999999993 2.45914236521894 14.8508242266723 22.3529685901753
5.24999999999993 2.47611301055225 15.0752635251093 22.5349910972183
5.25999999999993 2.49302711008414 15.3015260486167 22.7176136042614
5.26999999999993 2.50988534914863 15.5296177971945 22.9008361113044
5.27999999999993 2.52668840204828 15.7595447708428 23.0846586183475
5.28999999999993 2.54343693227527 15.9913129695615 23.2690811253905
5.29999999999993 2.56013159272726 16.2249283933506 23.4541036324335
5.30999999999993 2.57677302591797 16.4603970422101 23.6397261394766
5.31999999999993 2.59336186418284 16.6977249161401 23.8259486465196
5.32999999999993 2.6098987298798 16.9369180151405 24.0127711535627
5.33999999999993 2.6263842355853 17.1779823392113 24.2001936606057
5.34999999999993 2.64281898428576 17.4209238883526 24.3882161676488
5.35999999999993 2.6592035695645 17.6657486625643 24.5768386746918
5.36999999999993 2.67553857578434 17.9124626618464 24.7660611817349
5.37999999999993 2.69182457826597 18.161071886199 24.9558836887779
5.38999999999993 2.70806214346218 18.411582335622 25.146306195821
5.39999999999993 2.72425182912807 18.6640000101154 25.337328702864
5.40999999999993 2.74039418448736 18.9183309096792 25.528951209907
5.41999999999993 2.75648975039491 19.1745810343135 25.7211737169501
5.42999999999993 2.77253905949555 19.4327563840182 25.9139962239931
5.43999999999993 2.78854263637923 19.6928629587934 26.1074187310362
5.44999999999993 2.80450099773278 19.9549067586389 26.3014412380792
5.45999999999993 2.82041465248817 20.2188937835549 26.4960637451223
5.46999999999993 2.83628410196744 20.4848300335414 26.6912862521653
5.47999999999993 2.85210984002447 20.7527215085982 26.8871087592084
5.48999999999993 2.86789235318349 21.0225742087255 27.0835312662514
5.49999999999993 2.88363212077461 21.2943941339233 27.2805537732945
5.50999999999993 2.89932961506629 21.5681872841914 27.4781762803375
5.51999999999993 2.91498530139491 21.84395965953 27.6763987873805
5.52999999999993 2.93059963829154 22.121717259939 27.8752212944236
5.53999999999993 2.94617307760586 22.4014660854185 28.0746438014666
5.54999999999993 2.96170606462742 22.6832121359683 28.2746663085097
5.55999999999993 2.97719903820433 22.9669614115886 28.4752888155527
5.56999999999993 2.99265243085925 23.2527199122794 28.6765113225958
5.57999999999993 3.00806666890301 23.5404936380405 28.8783338296388
5.58999999999993 3.02344217254572 23.8302885888721 29.0807563366819
5.59999999999993 3.0387793560055 24.1221107647742 29.2837788437249
5.60999999999993 3.05407862761493 24.4159661657466 29.4874013507679
5.61999999999993 3.06934038992524 24.7118607917895 29.691623857811
5.62999999999993 3.08456503980822 25.0098006429028 29.896446364854
5.63999999999993 3.09975296855609 25.3097917190866 30.1018688718971
5.64999999999993 3.11490456197921 25.6118400203408 30.3078913789401
5.65999999999993 3.1300202005017 25.9159515466654 30.5145138859832
5.66999999999993 3.14510025925517 26.2221322980604 30.7217363930262
5.67999999999993 3.16014510817045 26.5303882745259 30.9295589000693
5.68999999999992 3.17515511206734 26.8407254760618 31.1379814071123
5.69999999999992 3.19013063074268 27.1531499026681 31.3470039141554
5.70999999999992 3.20507201905643 27.4676675543449 31.5566264211984
5.71999999999992 3.21997962701609 27.7842844310921 31.7668489282414
5.72999999999992 3.23485379985937 28.1030065329097 31.9776714352845
5.73999999999992 3.24969487813518 28.4238398597977 32.1890939423275
5.74999999999992 3.26450319778291 28.7467904117562 32.4011164493706
5.75999999999992 3.27927909021026 29.0718641887851 32.6137389564136
5.76999999999992 3.2940228823693 29.3990671908845 32.8269614634567
5.77999999999992 3.30873489683117 29.7284054180543 33.0407839704997
5.78999999999992 3.3234154518592 30.0598848702945 33.2552064775428
5.79999999999992 3.33806486148057 30.3935115476051 33.4702289845858
5.80999999999992 3.35268343555658 30.7292914499862 33.6858514916288
5.81999999999992 3.36727147985151 31.0672305774377 33.9020739986719
5.82999999999992 3.38182929610008 31.4073349299596 34.1188965057149
5.83999999999992 3.39635718207367 31.7496105075519 34.336319012758
5.84999999999992 3.41085543164514 32.0940633102147 34.554341519801
5.85999999999992 3.42532433485245 32.440699337948 34.7729640268441
5.86999999999992 3.43976417796101 32.7895245907516 34.9921865338871
5.87999999999992 3.45417524352481 33.1405450686257 35.2120090409302
5.88999999999992 3.4685578104464 33.4937667715702 35.4324315479732
5.89999999999992 3.48291215403566 33.8491956995851 35.6534540550162
5.90999999999992 3.49723854606751 34.2068378526705 35.8750765620593
5.91999999999992 3.51153725483841 34.5666992308263 36.0972990691023
5.92999999999992 3.52580854522189 34.9287858340525 36.3201215761454
5.93999999999992 3.54005267872292 35.2931036623492 36.5435440831884
5.94999999999992 3.55426991353134 35.6596587157163 36.7675665902314
5.95999999999992 3.5684605045742 36.0284569941538 36.9921890972745
5.96999999999992 3.58262470356713 36.3995044976618 37.2174116043175
5.97999999999992 3.5967627590648 36.7728072262401 37.4432341113606
5.98999999999992 3.61087491651033 37.148371179889 37.6696566184036
5.99999999999992 3.62496141828389 37.5262023586082 37.8966791254467
6.00999999999992 3.63902250375027 37.9063067623979 38.1243016324897
6.01999999999992 3.65305840930567 38.288690391258 38.3525241395328
6.02999999999992 3.66706936842359 38.6733592451885 38.5813466465758
6.03999999999992 3.68105561169982 39.0603193241895 38.8107691536189
6.04999999999992 3.69501736689666 39.4495766282609 39.0407916606619
6.05999999999992 3.70895485898635 39.8411371574027 39.2714141677049
6.06999999999992 3.72286831019361 40.235006911615 39.502636674748
6.07999999999992 3.73675794003746 40.6311918908976 39.734459181791
6.08999999999992 3.75062396537234 41.0296980952508 39.9668816888341
6.09999999999992 3.76446660042833 41.4305315246743 40.1999041958771
6.10999999999992 3.77828605685081 41.8336981791683 40.4335267029202
6.11999999999992 3.79208254373926 42.2392040587327 40.6677492099632
6.12999999999992 3.8058562676855 42.6470551633675 40.9025717170062
6.13999999999992 3.81960743281109 43.0572574930728 41.1379942240493
6.14999999999992 3.83333624080421 43.4698170478485 41.3740167310923
6.15999999999991 3.84704289095579 43.8847398276946 41.6106392381354
6.16999999999991 3.86072758019501 44.3020318326112 41.8478617451784
6.17999999999991 3.87439050312422 44.7216990625982 42.0856842522215
6.18999999999991 3.88803185205315 45.1437475176556 42.3241067592645
6.19999999999991 3.90165181703264 45.5681831977834 42.5631292663075
6.20999999999991 3.91525058588766 45.9950121029817 42.8027517733506
6.21999999999991 3.92882834424985 46.4242402332504 43.0429742803936
6.22999999999991 3.94238527558937 46.8558735885896 43.2837967874367
6.23999999999991 3.95592156124637 47.2899181689992 43.5252192944797
6.24999999999991 3.96943738046172 47.7263799744792 43.7672418015228
6.25999999999991 3.98293291040736 48.1652650050296 44.0098643085658
6.26999999999991 3.99640832621604 48.6065792606505 44.2530868156089
6.27999999999991 4.0098638010106 49.0503287413418 44.4969093226519
6.28999999999991 4.02329950593268 49.4965194471035 44.7413318296949
6.29999999999991 4.03671561017103 49.9451573779356 44.986354336738
6.30999999999991 4.05011228098925 50.3962485338382 45.231976843781
6.31999999999991 4.06348968375313 50.8497989148112 45.4781993508241
6.32999999999991 4.07684798195744 51.3058145208547 45.7250218578671
6.33999999999991 4.09018733725239 51.7643013519686 45.9724443649101
6.34999999999991 4.10350790946949 52.2252654081529 46.2204668719532
6.35999999999991 4.11680985664712 52.6887126894076 46.4690893789962
6.36999999999991 4.1300933350556 53.1546491957328 46.7183118860393
6.37999999999991 4.1433584992218 53.6230809271284 46.9681343930823
6.38999999999991 4.15660550195344 54.0940138835944 47.2185569001254
6.39999999999991 4.16983449436291 54.5674540651309 47.4695794071684
6.40999999999991 4.18304562589072 55.0434074717377 47.7212019142114
6.41999999999991 4.19623904432855 55.5218801034151 47.9734244212545
6.42999999999991 4.20941489584194 56.0028779601628 48.2262469282975
6.43999999999991 4.2225733249926 56.486407041981 48.4796694353406
6.44999999999991 4.23571447476033 56.9724733488696 48.7336919423836
6.45999999999991 4.24883848656462 57.4610828808286 48.9883144494267
6.46999999999991 4.26194550028585 57.9522416378581 49.2435369564697
6.47999999999991 4.27503565428621 58.445955619958 49.4993594635127
6.48999999999991 4.28810908543022 58.9422308271283 49.7557819705558
6.49999999999991 4.30116592910492 59.4410732593691 50.0128044775988
6.50999999999991 4.31420631923981 59.9424889166803 50.2704269846419
6.51999999999991 4.32723038832636 60.4464837990619 50.5286494916849
6.52999999999991 4.34023826743728 60.953063906514 50.787471998728
6.53999999999991 4.35323008624545 61.4622352390365 51.046894505771
6.54999999999991 4.36620597304259 61.9740037966294 51.306917012814
6.55999999999991 4.37916605475757 62.4883755792927 51.5675395198571
6.56999999999991 4.39211045697445 63.0053565870265 51.8287620269001
6.57999999999991 4.4050393039503 63.5249528198307 52.0905845339432
6.58999999999991 4.4179527186326 64.0471702777053 52.3530070409862
6.59999999999991 4.43085082267653 64.5720149606504 52.6160295480293
6.60999999999991 4.44373373646184 65.0994928686659 52.8796520550723
6.61999999999991 4.45660157910957 65.6296100017518 53.1438745621153
6.6299999999999 4.46945446849843 66.1623723599082 53.4086970691584
6.6399999999999 4.48229252128095 66.697785943135 53.6741195762014
6.6499999999999 4.49511585289941 67.2358567514322 53.9401420832445
6.6599999999999 4.50792457760148 67.7765907847998 54.2067645902875
6.6699999999999 4.52071880845562 68.3199940432379 54.4739870973306
6.6799999999999 4.5334986573663 68.8660725267464 54.7418096043736
6.6899999999999 4.54626423508886 69.4148322353254 55.0102321114166
6.6999999999999 4.55901565124433 69.9662791689747 55.2792546184597
6.7099999999999 4.5717530143338 70.5204193276945 55.5488771255027
6.7199999999999 4.5844764317528 71.0772587114848 55.8190996325458
6.7299999999999 4.59718600980524 71.6368033203454 56.0899221395888
6.7399999999999 4.60988185371732 72.1990591542765 56.3613446466318
6.7499999999999 4.62256406765114 72.764032213278 56.6333671536749
6.7599999999999 4.63523275471807 73.33172849735 56.9059896607179
6.7699999999999 4.64788801699204 73.9021540064924 57.179212167761
6.7799999999999 4.66052995552249 74.4753147407052 57.453034674804
6.7899999999999 4.67315867034723 75.0512166999884 57.727457181847
6.7999999999999 4.68577426050505 75.6298658843421 58.0024796888901
6.8099999999999 4.69837682404819 76.2112682937662 58.2781021959331
6.8199999999999 4.71096645805453 76.7954299282607 58.5543247029762
6.8299999999999 4.72354325863974 77.3823567878257 58.8311472100192
6.8399999999999 4.73610732096913 77.9720548724611 59.1085697170623
6.8499999999999 4.74865873926936 78.5645301821669 59.3865922241053
6.8599999999999 4.76119760684002 79.1597887169432 59.6652147311483
6.8699999999999 4.77372401606496 79.7578364767899 59.9444372381914
6.8799999999999 4.78623805842353 80.358679461707 60.2242597452344
6.8899999999999 4.79873982450163 80.9623236716945 60.5046822522775
6.8999999999999 4.81122940400256 81.5687751067525 60.7857047593205
6.9099999999999 4.82370688575776 82.1780397668809 61.0673272663636
6.9199999999999 4.83617235773738 82.7901236520797 61.3495497734066
6.9299999999999 4.84862590706068 83.405032762349 61.6323722804496
6.9399999999999 4.86106762000631 84.0227730976887 61.9157947874927
6.9499999999999 4.87349758202243 84.6433506580989 62.1998172945357
6.9599999999999 4.88591587773664 85.2667714435794 62.4844398015788
6.9699999999999 4.89832259096585 85.8930414541304 62.7696623086218
6.9799999999999 4.91071780472596 86.5221666897518 63.0554848156648
6.9899999999999 4.92310160124137 87.1541531504437 63.3419073227079
6.9999999999999 4.93547406195442 87.789006836206 63.6289298297509
7.0099999999999 4.94783526753466 88.4267337470387 63.916552336794
7.0199999999999 4.96018529788802 89.0673398829418 64.204774843837
7.0299999999999 4.97252423216577 89.7108312439154 64.4935973508801
7.0399999999999 4.98485214877346 90.3572138299594 64.7830198579231
7.0499999999999 4.99716912537964 91.0064936410738 65.0730423649661
7.0599999999999 5.00947523892453 91.6586766772587 65.3636648720092
7.0699999999999 5.02177056562854 92.313768938514 65.6548873790522
7.0799999999999 5.03405518100063 92.9717764248397 65.9467098860953
7.0899999999999 5.04632915984665 93.6327051362359 66.2391323931383
7.09999999999989 5.05859257627745 94.2965610727024 66.5321549001813
7.10999999999989 5.07084550371695 94.9633502342394 66.8257774072244
7.11999999999989 5.08308801491012 95.6330786208469 67.1199999142674
7.12999999999989 5.09532018193075 96.3057522325248 67.4148224213105
7.13999999999989 5.10754207618919 96.9813770692731 67.7102449283535
7.14999999999989 5.11975376844001 97.6599591310918 68.0062674353966
7.15999999999989 5.13195532878944 98.341504417981 68.3028899424396
7.16999999999989 5.14414682670286 99.0260189299406 68.6001124494826
7.17999999999989 5.15632833101201 99.7135086669706 68.8979349565257
7.18999999999989 5.1684999099223 100.403979629071 69.1963574635687
7.19999999999989 5.18066163101984 101.097437816242 69.4953799706118
7.20999999999989 5.1928135612785 101.793889228483 69.7950024776548
7.21999999999989 5.20495576706678 102.493339865795 70.0952249846978
7.22999999999989 5.2170883141547 103.195795728177 70.3960474917409
7.23999999999989 5.22921126772047 103.90126281563 70.6974699987839
7.24999999999989 5.24132469235718 104.609747128153 70.999492505827
7.25999999999989 5.25342865207931 105.321254665746 71.30211501287
7.26999999999989 5.26552321032921 106.03579142841 71.605337519913
7.27999999999989 5.27760842998349 106.753363416145 71.9091600269561
7.28999999999989 5.28968437335932 107.473976628949 72.2135825339991
7.29999999999989 5.30175110222058 108.197637066824 72.5186050410422
7.30999999999989 5.31380867778407 108.92435072977 72.8242275480852
7.31999999999989 5.32585716072549 109.654123617786 73.1304500551282
7.32999999999989 5.33789661118543 110.386961730873 73.4372725621713
7.33999999999989 5.34992708877525 111.12287106903 73.7446950692143
7.34999999999989 5.36194865258292 111.861857632257 74.0527175762574
7.35999999999989 5.37396136117869 112.603927420555 74.3613400833004
7.36999999999989 5.38596527262081 113.349086433923 74.6705625903434
7.37999999999989 5.39796044446106 114.097340672361 74.9803850973865
7.38999999999989 5.40994693375031 114.848696135871 75.2908076044295
7.39999999999989 5.42192479704392 115.60315882445 75.6018301114726
7.40999999999989 5.43389409040714 116.3607347381 75.9134526185156
7.41999999999989 5.44585486942036 117.12142987682 76.2256751255587
7.42999999999989 5.4578071891844 117.885250240611 76.5384976326017
7.43999999999989 5.46975110432563 118.652201829472 76.8519201396447
7.44999999999989 5.48168666900107 119.422290643404 77.1659426466878
7.45999999999989 5.49361393690345 120.195522682406 77.4805651537308
7.46999999999989 5.50553296126613 120.971903946479 77.7957876607738
7.47999999999989 5.51744379486804 121.751440435622 78.1116101678169
7.48999999999989 5.52934649003849 122.534138149835 78.4280326748599
7.49999999999989 5.54124109866198 123.320003089119 78.745055181903
7.50999999999989 5.55312767218289 124.109041253473 79.062677688946
7.51999999999989 5.56500626161014 124.901258642898 79.380900195989
7.52999999999989 5.5768769175218 125.696661257393 79.6997227030321
7.53999999999989 5.58873969006962 126.495255096958 80.0191452100751
7.54999999999989 5.60059462898351 127.297046161594 80.3391677171182
7.55999999999989 5.61244178357598 128.1020404513 80.6597902241612
7.56999999999988 5.6242812027465 128.910243966077 80.9810127312042
7.57999999999988 5.63611293498582 129.721662705925 81.3028352382473
7.58999999999988 5.64793702838022 130.536302670842 81.6252577452903
7.59999999999988 5.65975353061573 131.35416986083 81.9482802523334
7.60999999999988 5.67156248898228 132.175270275889 82.2719027593764
7.61999999999988 5.68336395037782 132.999609916018 82.5961252664194
7.62999999999988 5.69515796131235 133.827194781217 82.9209477734625
7.63999999999988 5.70694456791193 134.658030871487 83.2463702805055
7.64999999999988 5.71872381592264 135.492124186827 83.5723927875486
7.65999999999988 5.7304957507145 136.329480727238 83.8990152945916
7.66999999999988 5.74226041728527 137.170106492719 84.2262378016346
7.67999999999988 5.75401786026434 138.014007483271 84.5540603086777
7.68999999999988 5.76576812391642 138.861189698893 84.8824828157207
7.69999999999988 5.77751125214531 139.711659139585 85.2115053227638
7.70999999999988 5.78924728849754 140.565421805348 85.5411278298068
7.71999999999988 5.800976276166 141.422483696181 85.8713503368498
7.72999999999988 5.81269825799354 142.282850812085 86.2021728438929
7.73999999999988 5.82441327647649 143.146529153059 86.5335953509359
7.74999999999988 5.83612137376816 144.013524719103 86.865617857979
7.75999999999988 5.84782259168232 144.883843510218 87.198240365022
7.76999999999988 5.85951697169655 145.757491526404 87.531462872065
7.77999999999988 5.8712045549557 146.63447476766 87.8652853791081
7.78999999999988 5.88288538227513 147.514799233986 88.1997078861511
7.79999999999988 5.89455949414406 148.398470925383 88.5347303931942
7.80999999999988 5.90622693072882 149.28549584185 88.8703529002372
7.81999999999988 5.91788773187603 150.175879983387 89.2065754072802
7.82999999999988 5.92954193711578 151.069629349995 89.5433979143233
7.83999999999988 5.9411895856648 151.966749941674 89.8808204213663
7.84999999999988 5.95283071642954 152.867247758423 90.2188429284094
7.85999999999988 5.96446536800921 153.771128800242 90.5574654354524
7.86999999999988 5.97609357869885 154.678399067132 90.8966879424954
7.87999999999988 5.98771538649227 155.589064559092 91.2365104495385
7.88999999999988 5.99933082908505 156.503131276122 91.5769329565815
7.89999999999988 6.01093994387746 157.420605218223 91.9179554636245
7.90999999999988 6.0225427679773 158.341492385395 92.2595779706676
7.91999999999988 6.0341393382028 159.265798777637 92.6018004777106
7.92999999999988 6.04572969108542 160.193530394949 92.9446229847537
7.93999999999988 6.05731386287263 161.124693237332 93.2880454917967
7.94999999999988 6.0688918895307 162.059293304785 93.6320679988397
7.95999999999988 6.08046380674738 162.997336597309 93.9766905058828
7.96999999999988 6.09202964993459 163.938829114903 94.3219130129258
7.97999999999988 6.10358945423112 164.883776857567 94.6677355199688
7.98999999999988 6.11514325450522 165.832185825302 95.0141580270119
7.99999999999988 6.12669108535722 166.784062018107 95.3611805340549
