-4 3.16847571148413E-05 5.84740138872004E-16 0.0227485407417234
-3.99 3.30511886929017E-05 6.86311305972305E-16 0.0230198308364933
-3.98 3.44732651718869E-05 8.05208767325495E-16 0.023294878805821
-3.97 3.59531047043151E-05 9.44332608252197E-16 0.0235716332519105
-3.96 3.74928997036621E-05 1.10705878620438E-15 0.0238511480032871
-3.95 3.90949191865149E-05 1.29731560316745E-15 0.0241334435318437
-3.94 4.07615111783905E-05 1.51967219967416E-15 0.0244185403733701
-3.93 4.2495105184566E-05 1.77944091676562E-15 0.0247064591266394
-3.92 4.42982147272874E-05 2.08279564887783E-15 0.0249972204524793
-3.91 4.61734399507347E-05 2.43690862764608E-15 0.0252908450728273
-3.9 4.81234702951367E-05 2.85010843973162E-15 0.0255873537697712
-3.89 5.01510872414429E-05 3.33206249749958E-15 0.0258867673845731
-3.88 5.22591671279712E-05 3.89398765712295E-15 0.0261891068166788
-3.87 5.44506840404647E-05 4.54889322287186E-15 0.0264943930227113
-3.86 5.67287127770008E-05 5.31186119853597E-15 0.0268026470154486
-3.85 5.90964318892109E-05 6.20036935797638E-15 0.0271138898627857
-3.84 6.15571268012745E-05 7.23466351903842E-15 0.0274281426866819
-3.83 6.41141930081676E-05 8.43818633245129E-15 0.0277454266620912
-3.82 6.67711393546509E-05 9.83807095574947E-15 0.0280657630158777
-3.81 6.95315913964945E-05 1.14657091896256E-14 0.0283891730257156
-3.8 7.23992948454424E-05 1.33574050308155E-14 0.0287156780189729
-3.79 7.53781190994295E-05 1.55551261646473E-14 0.0290452993715794
-3.78 7.84720608595689E-05 1.81073677078249E-14 0.0292102841793463
-3.77 8.16852478354339E-05 2.10701445473325E-14 0.0295466373396241
-3.76000000000001 8.50219425401647E-05 2.45081309378681E-14 0.0300530760490186
-3.75000000000001 8.84865461769324E-05 2.84959686555983E-14 0.0303953775290716
-3.74000000000001 9.20836026182977E-05 3.31197680027882E-14 0.0307409029358426
-3.73000000000001 9.58178024800032E-05 3.84788293640221E-14 0.0310896739119868
-3.72000000000001 9.96939872907393E-05 4.46876168844499E-14 0.0314417121403587
-3.71000000000001 0.000103717153759424 5.18780202348669E-14 0.0317970393427549
-3.70000000000001 0.000107892458141536 6.02019454163115E-14 0.0321556772786407
-3.69000000000001 0.00011222522070604 6.98342812158543E-14 0.0325176477438616
-3.68000000000001 0.000116720930304431 8.09762943426881E-14 0.0328829725693383
-3.67000000000001 0.000121385249043443 9.38595135479107E-14 0.0332516736197465
-3.66000000000001 0.000126224017062924 1.08750171273091E-13 0.0336237727921816
-3.65000000000001 0.000131243257420412 1.25954280706322E-13 0.0339992920148065
-3.64000000000001 0.000136449181083915 1.45823436689769E-13 0.0343782532454853
-3.63000000000001 0.000141848192034385 1.68761440876823E-13 0.0347606784704002
-3.62000000000001 0.000147446892479388 1.95231865056327E-13 0.0351465897026536
-3.61000000000001 0.000153252088179427 2.25766681843811E-13 0.0355360089808547
-3.60000000000001 0.000159270793888398 2.60976109207443E-13 0.0359289583676902
-3.59000000000001 0.000165510238909599 3.01559834798415E-13 0.03632545994848
-3.58000000000001 0.000171977872768747 3.48319808070748E-13 0.0367255358297174
-3.57000000000001 0.000178681371005375 4.02174813016711E-13 0.0371292081375939
-3.56000000000001 0.000185628641084037 4.6417706236087E-13 0.0375364990165092
-3.55000000000001 0.000192827828426641 5.35531085640213E-13 0.0379474306275649
-3.54000000000001 0.000200287322567286 6.17615219187291E-13 0.0383620251470441
-3.53000000000001 0.000208015763430889 7.12006046117987E-13 0.0387803047648757
-3.52000000000001 0.000216022047736907 8.20506179552143E-13 0.039202291683083
-3.51000000000001 0.000224315335529388 9.45175833074927E-13 0.0396280081142179
-3.50000000000001 0.000232905056834587 1.08836867956162E-12 0.0400574762797801
-3.49000000000001 0.000241800918447333 1.25277256369942E-12 0.0404907184086212
-3.48000000000001 0.000251012910847288 1.44145570569529E-12 0.0409277567353342
-3.47000000000001 0.000260551315246217 1.65791911470515E-12 0.0413686134986281
-3.46000000000001 0.00027042671076735 1.9061560215102E-12 0.0418133109396882
-3.45000000000001 0.000280649981757839 2.19071924207459E-12 0.0422618713005213
-3.44000000000001 0.000291232325235322 2.51679749815064E-12 0.0427143168222869
-3.43000000000001 0.000302185258469505 2.8903018495069E-12 0.0431706697436136
-3.42000000000001 0.000313520626699663 3.3179635362546E-12 0.0436309522989016
-3.41000000000001 0.000325250610988888 3.8074446909364E-12 0.0440951867166106
-3.40000000000001 0.00033738773621586 4.36746356050924E-12 0.0445633952175337
-3.39000000000001 0.000349944879204855 5.00793608031756E-12 0.0450356000130572
-3.38000000000001 0.000362935276994676 5.74013586806661E-12 0.0455118233034068
-3.37000000000001 0.000376372535247061 6.57687495839678E-12 0.0459920872758793
-3.36000000000001 0.00039027063679515 7.53270788094445E-12 0.0464764141030612
-3.35000000000001 0.000404643950332429 8.62416200010333E-12 0.0469648259410334
-3.34000000000001 0.000419507239242586 9.86999738677497E-12 0.0474573449275621
-3.33000000000001 0.000434875670570564 1.12914998853221E-11 0.047953993180277
-3.32000000000001 0.000450764824135078 1.29128114772492E-11 0.0484547927948357
-3.31000000000001 0.000467190701782754 1.4761302531853E-11 0.0489597658430748
-3.30000000000001 0.000484169736783969 1.68679910787506E-11 0.0494689343711483
-3.29000000000002 0.000501718803370397 1.92680148439387E-11 0.0499823203976532
-3.28000000000002 0.000519855226414167 2.20011624666177E-11 0.0504999459117416
-3.27000000000002 0.000538596791248449 2.51124710659032E-11 0.0510218328712213
-3.26000000000002 0.000557961753629214 2.86528981629682E-11 0.0515480032006425
-3.25000000000002 0.000577968849837761 3.2680076894187E-11 0.052078478789373
-3.24000000000002 0.00059863730692358 3.72591644844987E-11 0.0526132814896614
-3.23000000000002 0.000619986853086953 4.24637950984585E-11 0.0531524331146872
-3.22000000000002 0.000642037728200616 4.83771494614522E-11 0.0536959554365997
-3.21000000000002 0.000664810694469708 5.50931550586179E-11 0.0542438701845448
-3.20000000000002 0.000688327047229091 6.27178322888254E-11 0.0547961990426806
-3.19000000000002 0.000712608625877031 7.1370803691724E-11 0.0553529636481805
-3.18000000000002 0.000737677824944114 8.11869852950574E-11 0.0559141855892264
-3.17000000000002 0.000763557605296124 9.23184812666386E-11 0.056479886402989
-3.16000000000002 0.000790271505469525 1.04936705421825E-10 0.0570500875735988
-3.15000000000002 0.000817843653138018 1.19234755756503E-10 0.0576248105301051
-3.14000000000002 0.000846298776708549 1.35430071073035E-10 0.0582040766444247
-3.13000000000002 0.000875662217044987 1.53767401970464E-10 0.0587879072292802
-3.12000000000002 0.00090595993931756 1.74522132011257E-10 0.0593763235361276
-3.11000000000002 0.000937218544976011 1.98003988788591E-10 0.0599693467530745
-3.10000000000002 0.000969465283844256 2.2456118893757E-10 0.0605669980027873
-3.09000000000002 0.00100272806633422 2.54585065900858E-10 0.0611692983403897
-3.08000000000002 0.00103703547577638 2.88515234518187E-10 0.0617762687513507
-3.07000000000002 0.00107241678086428 3.26845352307944E-10 0.0623879301493638
-3.06000000000002 0.00110890194821035 3.70129543699902E-10 0.0630043033742168
-3.05000000000002 0.00114652165500996 4.18989560518532E-10 0.0636254091896526
-3.04000000000002 0.00118530730181068 4.7412275976822E-10 0.0642512682812211
-3.03000000000002 0.0012252910253833 5.36310988303345E-10 0.0648819012541228
-3.02000000000002 0.00126650571169137 6.06430473351306E-10 0.0655173286310435
-3.01000000000002 0.00130898500895546 6.85462828175762E-10 0.0661575708499815
-3.00000000000002 0.00135276334080842 7.74507293508304E-10 0.0668026482620661
-2.99000000000002 0.00139787591953766 8.74794347834559E-10 0.067452581129369
-2.98000000000002 0.00144435875941024 9.87700833298893E-10 0.0681073896227075
-2.97000000000002 0.00149224869007647 1.11476675900291E-09 0.0687670938194413
-2.96000000000002 0.00154158337004755 1.25771395993873E-09 0.0694317137012611
-2.95000000000002 0.00158928932118327 1.41846680785093E-09 0.0701012691519709
-2.94000000000002 0.0016414916619737 1.5991751901047E-09 0.0707757799552642
-2.93000000000002 0.0016952513400276 1.80223999430748E-09 0.0714604442835217
-2.92000000000002 0.00175060927714542 2.03034136015565E-09 0.0721450236007308
-2.91000000000002 0.00180760728729865 2.28646998593884E-09 0.0728346186819245
-2.90000000000002 0.00186628809038151 2.57396180553004E-09 0.0735292489118648
-2.89000000000002 0.00192669532600272 2.89653638273102E-09 0.0742289335642151
-2.88000000000002 0.00198887356731141 3.25833940376332E-09 0.0749336917992806
-2.87000000000002 0.00205286833485141 3.66398968573981E-09 0.0756435426617427
-2.86000000000002 0.00211872611043751 4.11863115939257E-09 0.0763585050783898
-2.85000000000002 0.00218649435104748 4.62799032845671E-09 0.0770785978558422
-2.84000000000002 0.00225622150272321 5.19843975622901E-09 0.0778038396782736
-2.83000000000002 0.0023279570144742 5.83706818227228E-09 0.0785342491051281
-2.82000000000003 0.00240175135217647 6.55175792938059E-09 0.0792698445688337
-2.81000000000003 0.00247765601245968 7.35127032314782E-09 0.0800106443725119
-2.80000000000003 0.00255572353657514 8.24533991421029E-09 0.0807566666876842
-2.79000000000003 0.00263600752423719 9.24477836691187E-09 0.0815079295519757
-2.78000000000003 0.00271856264743007 1.03615889582516E-08 0.0822644508668158
-2.77000000000003 0.00280344466417241 1.16090927180355E-08 0.0830262483951363
-2.76000000000003 0.00289071043223123 1.30020673357207E-08 0.0837933397590676
-2.75000000000003 0.0029804179227769 1.45569000621111E-08 0.0845657424376328
-2.74000000000003 0.00307262623397078 1.62917559454673E-08 0.0853434737644397
-2.73000000000003 0.00316739560447653 1.82267628624239E-08 0.0861265509253725
-2.72000000000003 0.00326478742688628 2.03842149350795E-08 0.0869149909562812
-2.71000000000003 0.00336486426105246 2.2788796067535E-08 0.0877088107406708
-2.70000000000003 0.00346768984731599 2.54678254888146E-08 0.0885080270073901
-2.69000000000003 0.00357332911962115 2.84515273554253E-08 0.0893126563283196
-2.68000000000003 0.00368082345409483 3.17733266467173E-08 0.0901227151160601
-2.67000000000003 0.00379226922030217 3.54701737807226E-08 0.0909382196216214
-2.66000000000003 0.0039067307345839 3.95829005883496E-08 0.0917591859321112
-2.65000000000003 0.00402427785386915 4.41566105108202E-08 0.0925856299684256
-2.64000000000003 0.00414498169324078 4.92411061302998E-08 0.0934175674829405
-2.63000000000003 0.00426891463818629 5.48913574080483E-08 0.0942550140572042
-2.62000000000003 0.00439615035666351 6.11680142895042E-08 0.095097985099632
-2.61000000000003 0.00452676381096991 6.81379676429516E-08 0.0959464958432035
-2.60000000000003 0.00466083126940431 7.58749628293392E-08 0.0968005613431611
-2.59000000000003 0.00479843031770959 8.44602705570752E-08 0.0976601964747125
-2.58000000000003 0.00493963987028476 9.39834200589125E-08 0.0985249314437271
-2.57000000000003 0.00508454018115469 1.04543000040202E-07 0.0993957376346742
-2.56000000000003 0.00523321285468554 1.16247533290754E-07 0.100272156726605
-2.55000000000003 0.00538574085603385 1.29216431328318E-07 0.10115420284739
-2.54000000000003 0.00554220852131705 1.43581035952459E-07 0.102041889933379
-2.53000000000003 0.00570270156749297 1.59485755135537E-07 0.10293523172712
-2.52000000000003 0.00586730710193586 1.77089301265085E-07 0.103834241775093
-2.51000000000003 0.0060361136316963 1.96566040381486E-07 0.10473893342544
-2.50000000000003 0.00620921107243208 2.18107461729167E-07 0.105649319825711
-2.49000000000003 0.00638669075699722 2.4192377766131E-07 0.106565413920606
-2.48000000000003 0.00656864544367607 2.68245664710099E-07 0.107487228449727
-2.47000000000003 0.00675516932404927 2.97326157459933E-07 0.10841477594534
-2.46000000000003 0.00694635803047835 3.29442707742814E-07 0.109348068730137
-2.45000000000003 0.0071423086431955 3.64899422616684E-07 0.11028711891501
-2.44000000000003 0.00734311969698514 4.0402949559215E-07 0.111231938396831
-2.43000000000003 0.00754889118744367 4.47197846644391E-07 0.112182538856242
-2.42000000000003 0.00775972457680365 4.9480398768886E-07 0.113138931755446
-2.41000000000003 0.00797572279930888 5.47285131415256E-07 0.114101128336015
-2.40000000000003 0.00819699026612636 6.05119562668572E-07 0.115069139616704
-2.39000000000003 0.00842363286978147 6.68830292942372E-07 0.11604297639127
-2.38000000000003 0.00865575798810229 7.38989020012611E-07 0.117022649226305
-2.37000000000003 0.00889347448765923 8.16220416294264E-07 0.118008168459078
-2.36000000000004 0.0091368927266859 9.01206771152502E-07 0.118999544195386
-2.35000000000004 0.00938612455746731 9.94693014149753E-07 0.119996786307416
-2.34000000000004 0.00964128332818119 1.09749214806438E-06 0.121000433406124
-2.33000000000004 0.00990248388417859 1.21049112248091E-06 0.122009445339628
-2.32000000000004 0.0101698425686897 1.33465718083051E-06 0.123024351910982
-2.31000000000004 0.0104434772229405 1.47104471595928E-06 0.124045162036063
-2.30000000000004 0.0107235071856671 1.62080267162509E-06 0.125071884386579
-2.29000000000004 0.0110100532920127 1.78518252977769E-06 0.126104527387997
-2.28000000000004 0.0113032378717941 1.96554692606577E-06 0.127143099217488
-2.27000000000004 0.0116031847471237 2.16337893874422E-06 0.128187607801884
-2.26000000000004 0.0119100192293726 2.38029209903089E-06 0.129238060815645
-2.25000000000004 0.0122238681154622 2.61804117398885E-06 0.130294465678845
-2.24000000000004 0.0125448596834698 2.87853377619409E-06 0.131356829555169
-2.23000000000004 0.0128731236875345 3.1638428577939E-06 0.132425159349921
-2.22000000000004 0.0132087913520509 3.47622015007369E-06 0.133499461708057
-2.21000000000004 0.0135519953651366 3.81811061333422E-06 0.134579743012221
-2.20000000000004 0.0139028698713603 4.1921679657429E-06 0.135666009380805
-2.19000000000004 0.0142615504637178 4.60127136386532E-06 0.136758266666019
-2.18000000000004 0.0146281741748435 5.04854331181203E-06 0.137856520451982
-2.17000000000004 0.0150028794674428 5.53736888035527E-06 0.138960776052825
-2.16000000000004 0.0153858062239355 6.07141632198276E-06 0.140071038510813
-2.15000000000004 0.0157770957352962 6.65465917266727E-06 0.141187312594485
-2.14000000000004 0.0161768906890796 7.29139993614204E-06 0.142309602796808
-2.13000000000004 0.0165853351566201 7.98629545168691E-06 0.143437913333351
-2.12000000000004 0.0170025745793925 8.74438405185103E-06 0.144572248140476
-2.11000000000004 0.0174287557545235 9.57111462216491E-06 0.145712610873549
-2.10000000000004 0.0178640268194425 1.04723776807301E-05 0.146859004905169
-2.09000000000004 0.0183085372356609 1.14545386016175E-05 0.148011433323412
-2.08000000000004 0.0187624377716692 1.25244731122563E-05 0.1491698989301
-2.07000000000004 0.0192258804849418 1.368960520145E-05 0.150334404239087
-2.06000000000004 0.0196990187030401 1.49579475813151E-05 0.151504951474566
-2.05000000000004 0.0201820070038026 1.63381448532974E-05 0.152681542569393
-2.04000000000004 0.0206750011946155 1.78395195354688E-05 0.153864179163434
-2.03000000000004 0.0211781582907516 2.45306577947694E-05 0.155052862601935
-2.02000000000004 0.021691636492772 2.67170552769178E-05 0.156247593933908
-2.01000000000004 0.0222155951629808 2.9087262581722E-05 0.157448373910544
-2.00000000000004 0.0227501948009249 3.16557096973325E-05 0.158655202983643
-1.99000000000004 0.0233757288018574 3.44378691573236E-05 0.159868081304066
-1.98000000000004 0.0239338663450489 3.74503237833592E-05 0.161087008720219
-1.97000000000004 0.0245031425241403 4.07108382257358E-05 0.162311984776541
-1.96000000000004 0.0250837204617412 4.42384344689525E-05 0.163543008712038
-1.95000000000004 0.0256757641684018 4.80534714734327E-05 0.16478007945882
-1.94000000000004 0.0261903775978137 5.21777291283579E-05 0.166023195640671
-1.93000000000004 0.0268040479333218 5.66344966941863E-05 0.167272355571647
-1.92000000000004 0.027429680913367 6.14486659168443E-05 0.168527557254688
-1.91000000000004 0.0280674460094418 6.66468289987233E-05 0.169788798380261
-1.90000000000004 0.0287175135314017 7.22573816144919E-05 0.171056076325026
-1.89000000000004 0.0293790972922724 7.83106311622813E-05 0.172329388150528
-1.88000000000004 0.0300541578153435 8.48389104430111E-05 0.173608730601915
-1.87000000000004 0.030742029335669 9.18766969624431E-05 0.174894100106677
-1.86000000000004 0.0314428848843114 9.9460738051948E-05 0.176185492773415
-1.85000000000004 0.0321568981371753 0.000107630182004911 0.177482904390636
-1.84000000000004 0.0328842433745562 0.000116426715426142 0.178786330425577
-1.83000000000004 0.0336250954396871 0.00012589470699155 0.180095766023044
-1.82000000000004 0.0343796296962834 0.000136081357814668 0.181411206004295
-1.81000000000004 0.0351480219850894 0.000147036858615305 0.182732644865938
-1.80000000000004 0.0359304485794298 0.000158814553883605 0.184060076778858
-1.79000000000004 0.0367270861397703 0.000171471113230126 0.185393495587178
-1.78000000000004 0.0375381116672927 0.000185066710109093 0.186732894807242
-1.77000000000004 0.0383637024564882 0.000199665208097688 0.188078267626628
-1.76000000000004 0.0392040360467776 0.000215334354909171 0.18942960690319
-1.75000000000004 0.0400592901731629 0.000232145984311569 0.190786905164128
-1.74000000000004 0.0409296427159191 0.000250176226116715 0.192150154605088
-1.73000000000004 0.0418152716493348 0.000269505724396467 0.193519347089292
-1.72000000000004 0.0427163549895096 0.000290219864073889 0.194894474146693
-1.71000000000004 0.0436330707412181 0.00031240900602711 0.196275526973168
-1.70000000000004 0.0445655968438525 0.000336168730832302 0.19766249642973
-1.69000000000004 0.0455141111164529 0.00036160009125981 0.199055373041781
-1.68000000000004 0.0464787912018389 0.000388809873623779 0.200454146998386
-1.67000000000004 0.0474598145098538 0.000417910868070714 0.20185880815159
-1.66000000000004 0.0484573581597371 0.000449022147876132 0.203269346015747
-1.65000000000004 0.0494715989216364 0.000482269357800887 0.204685749766901
-1.64000000000004 0.0505027131572764 0.000517785011539705 0.206108008242183
-1.63000000000004 0.0515508767597994 0.000555708798274062 0.207536109939246
-1.62000000000004 0.0526162650927944 0.000596187898319657 0.208970043015731
-1.61000000000004 0.0536990529285313 0.0006393773078353 0.210409795288764
-1.60000000000004 0.0547994143854195 0.000687098484345019 0.211855354234487
-1.59000000000004 0.0559175228647079 0.00073633073971005 0.213306706987616
-1.58000000000004 0.0570535509864482 0.000788795515811161 0.214763840341039
-1.57000000000004 0.05820767052474 0.000844682688276995 0.216226740745441
-1.56000000000004 0.059380052342279 0.000904191690957341 0.217695394308964
-1.55000000000004 0.0605708663242313 0.000967531890248556 0.2191697867969
-1.54000000000004 0.0617802813114555 0.00103492296726838 0.220649903631415
-1.53000000000004 0.0630084650330958 0.00110659530759811 0.222135729891309
-1.52000000000004 0.0642555840385714 0.00118279039827312 0.223627250311811
-1.51000000000004 0.0655218036289852 0.0012637612316645 0.225124449284402
-1.50000000000004 0.0668072877879792 0.00134977271585473 0.226627310856673
-1.49000000000004 0.0681121991120623 0.0014411020910692 0.228135818732227
-1.48000000000004 0.0694365323114321 0.00153803935168309 0.229649956270596
-1.47000000000004 0.070780780815306 0.00164088767327919 0.231169706487211
-1.46000000000004 0.0721449354203056 0.00161384454056088 0.232695052053397
-1.45000000000004 0.0735291524737703 0.00172625893120054 0.234225975296402
-1.44000000000004 0.0749335865806467 0.0019881375666424 0.235762458199461
-1.43000000000004 0.0763583905312382 0.00211794069255612 0.237304482401903
-1.42000000000004 0.0778037152286326 0.00225538370046321 0.238852029199277
-1.41000000000004 0.0792697096158362 0.00240085802667157 0.24040507954353
-1.40000000000004 0.0807565206026488 0.00255477136580328 0.241963614043205
-1.39000000000004 0.0822642929923132 0.00271754811378936 0.243527612963687
-1.38000000000004 0.0837931694079705 0.00288962980906326 0.245097056227475
-1.37000000000004 0.0853432902189587 0.0030714755709417 0.246671923414492
-1.36000000000004 0.0869147934669868 0.00326356253413032 0.248252193762435
-1.35000000000004 0.0885078147922213 0.00346638627824051 0.249837846167151
-1.34000000000004 0.0901224873593208 0.0036804612511532 0.251428859183058
-1.33000000000004 0.0917589417834551 0.00390632118501505 0.253126676009022
-1.32000000000004 0.0934173060563459 0.00414451950360306 0.254729802583348
-1.31000000000004 0.095097705472367 0.00439562971974499 0.256233842330409
-1.30000000000004 0.0968002625547407 0.00466024582143538 0.257846076523251
-1.29000000000004 0.0985250969818714 0.00493898264524114 0.259463558995016
-1.28000000000004 0.100272325513852 0.00523247623554554 0.261086266262297
-1.27000000000004 0.102042061919186 0.00554138418813731 0.262714174504178
-1.26000000000004 0.103834416901759 0.0058663859766101 0.264347259562937
-1.25000000000004 0.105649498028113 0.00620818325999972 0.265985496944783
-1.24000000000004 0.107487409655041 0.00656750017005017 0.267628861820635
-1.23000000000004 0.109348252857568 0.00694508357646653 0.269277329026932
-1.22000000000004 0.111232125357343 0.00734170332848265 0.270930873066478
-1.21000000000004 0.113139390265351 0.00775815247104479 0.272589468109332
-1.20000000000004 0.11506961280896 0.00819524743388888 0.274253087993721
-1.19000000000004 0.117023137374489 0.00865382819177024 0.275921706227
-1.18000000000004 0.119000047570235 0.00913475839408841 0.277595295986641
-1.17000000000004 0.121000423300566 0.00963892546213967 0.279273830121264
-1.16000000000004 0.123024340697659 0.0101672406522228 0.280957217892822
-1.15000000000004 0.125071872053939 0.0107206390828221 0.282645555987433
-1.14000000000004 0.127143085755282 0.0113000797240964 0.284338755022774
-1.13000000000004 0.129238046214994 0.0119065453479093 0.286036786543116
-1.12000000000004 0.131356813808635 0.0125410424366533 0.287739621769559
-1.11000000000004 0.133499444809718 0.0132046010491384 0.289447231601274
-1.10000000000004 0.135665991326324 0.0138982746418435 0.291159586616782
-1.09000000000004 0.137856501238681 0.0146231398438606 0.292876657075269
-1.08000000000004 0.140071018137748 0.0153802961839006 0.294598412917936
-1.07000000000004 0.142309581264841 0.0161708657677762 0.296324823769386
-1.06000000000004 0.144572225452349 0.0169959929048278 0.298055858939043
-1.05000000000004 0.146858981065579 0.0178568436818186 0.299791487422612
-1.04000000000004 0.149169873945771 0.0187626658775409 0.30153167790357
-1.03000000000004 0.151504925354328 0.0196991707548618 0.30327639875469
-1.02000000000004 0.153864151918291 0.0206750657968886 0.30502561803961
-1.01000000000004 0.156247565577115 0.0216916012313253 0.306779303514424
-1.00000000000004 0.158655173530776 0.0227500461819358 0.308537422629319
-0.990000000000042 0.161086978189252 0.0238516878981818 0.31029994253024
-0.980000000000042 0.16354297712341 0.0249978309234981 0.312066830060592
-0.970000000000042 0.166023163017357 0.0261891691536687 0.313838051762979
-0.960000000000042 0.16852752362227 0.0274282249720602 0.315613573880969
-0.950000000000042 0.17105604171176 0.0287165611329888 0.317393362360907
-0.940000000000042 0.173608695038799 0.0300540388331666 0.319177382853747
-0.930000000000042 0.176185456294249 0.0314427612548647 0.32096560071693
-0.920000000000042 0.178786293067032 0.0328841151734331 0.322757981016289
-0.910000000000042 0.181411167805972 0.034379497028949 0.32455448852799
-0.900000000000042 0.184060037783344 0.035930311583824 0.326355087740509
-0.890000000000042 0.186732855060169 0.0375379705165411 0.328159742856635
-0.880000000000042 0.189429566453288 0.039203890952008 0.329968417795513
-0.870000000000042 0.192097995907786 0.04092949392918 0.331781076194721
-0.860000000000042 0.194841704043151 0.042716202806787 0.33359768141237
-0.850000000000042 0.19760912683768 0.0445654416081794 0.335418196529249
-0.840000000000042 0.20045410428814 0.0464786333064916 0.337242584350995
-0.830000000000042 0.203269302894457 0.0484571980515123 0.339070807410296
-0.820000000000042 0.206107964778118 0.0505025513398383 0.340902827969126
-0.810000000000042 0.208970097006468 0.0526161021300856 0.342738608021017
-0.800000000000042 0.211855408003077 0.0547992509051219 0.344578109293353
-0.790000000000042 0.21476389386816 0.057053387683484 0.346421293249705
-0.780000000000042 0.21769544757481 0.059379889982336 0.34826812109219
-0.770000000000042 0.220649956615662 0.0617801207345243 0.350118553763863
-0.760000000000042 0.223627302993583 0.0642554261624747 0.351972551951145
-0.750000000000042 0.226627363214495 0.0668071336118762 0.353830076086271
-0.740000000000042 0.229650008282352 0.0694365493482825 0.355691086349779
-0.730000000000042 0.232695103696286 0.0721449563199535 0.357555542673019
-0.720000000000042 0.235762509449943 0.0749336118904431 0.3594234047407
-0.710000000000041 0.238852080033023 0.0778037455446176 0.361294631993463
-0.700000000000041 0.241963664435039 0.0807565565719698 0.363181071727324
-0.690000000000041 0.245097106151315 0.0837932117312568 0.365059004293031
-0.680000000000041 0.24825224319123 0.0869148429006587 0.366940177976399
-0.670000000000041 0.251428908088719 0.090122544717807 0.368824551206048
-0.660000000000041 0.254626927915051 0.0934173722141832 0.370712082178291
-0.650000000000041 0.257846124293879 0.0968003384485233 0.372602728859864
-0.640000000000041 0.261086313418582 0.100272412144 0.374496448990668
-0.630000000000041 0.2643473060719 0.103834515334067 0.376393200086543
-0.620000000000041 0.267628907647868 0.107487521021971 0.378292939442073
-0.610000000000041 0.270930918176051 0.111232250859015 0.380195624133408
-0.600000000000041 0.274253132348088 0.115069472846775 0.382101211021124
-0.590000000000041 0.277595339546543 0.118999899068508 0.383996758294916
-0.580000000000041 0.280957323876054 0.123024183455084 0.385907935859933
-0.570000000000041 0.284338864196801 0.127142919590797 0.387821886660126
-0.560000000000041 0.287739734160262 0.131356638564463 0.389738566802971
-0.550000000000041 0.291159702247275 0.135665806871218 0.391657932196809
-0.540000000000041 0.294598531808389 0.140070824370437 0.393579938553869
-0.530000000000041 0.298055981106499 0.144572022305185 0.395504541393321
-0.520000000000041 0.301531803361754 0.149169661388591 0.397431696044354
-0.510000000000041 0.305025746798738 0.153863929962474 0.399361357649267
-0.500000000000041 0.308537554695896 0.158654942233511 0.401293481166599
-0.490000000000041 0.312066965437207 0.163542736592154 0.403228021374268
-0.480000000000041 0.315613712566082 0.168527274019409 0.405164932872734
-0.470000000000041 0.319177524841474 0.173608436586491 0.407104170088192
-0.460000000000041 0.322758126296179 0.178807373521828 0.409045687275778
-0.450000000000041 0.326355236297316 0.184081779092257 0.410989438522799
-0.440000000000041 0.329968569608959 0.189451936940825 0.412935377751982
-0.430000000000041 0.333597836456905 0.194894142196074 0.414883458724746
-0.420000000000041 0.337242742595557 0.200453807373483 0.416833635044493
-0.410000000000041 0.340902989376882 0.206107661894264 0.418785860159914
-0.400000000000041 0.344578273821448 0.211855002239623 0.420740087368323
-0.390000000000041 0.348268288691479 0.217695037874234 0.422696269819
-0.380000000000041 0.35197272256593 0.223626890781378 0.424654360516559
-0.370000000000041 0.355691259917531 0.229649595131601 0.426614312324331
-0.360000000000041 0.359423581191783 0.235762097087677 0.428576077967764
-0.350000000000041 0.363169362887862 0.241963254748395 0.430539610037842
-0.340000000000041 0.366928277641412 0.248251838233366 0.432504860994518
-0.330000000000041 0.37069999430918 0.254626529910752 0.434471783170167
-0.320000000000041 0.374484178055461 0.261085924769504 0.436440328773052
-0.310000000000041 0.378280490440317 0.267628530937358 0.438410449890803
-0.300000000000041 0.382088589509536 0.274252770345512 0.440382098493918
-0.290000000000041 0.385908129886283 0.280956979540559 0.44235522643927
-0.280000000000041 0.389738762864402 0.287739410643911 0.444329785473637
-0.270000000000041 0.393580136503346 0.294598232458589 0.446305727237237
-0.260000000000041 0.397429874173554 0.301531531722896 0.448283003267282
-0.250000000000041 0.401291638799425 0.308537314510132 0.450261565001545
-0.240000000000041 0.405163070446127 0.315613569600718 0.452241363781933
-0.230000000000041 0.409043805242211 0.322758020595382 0.454222350858079
-0.220000000000041 0.412933476579169 0.329968505117804 0.456204477390944
-0.210000000000041 0.416831715215088 0.337242723433357 0.458187694456425
-0.200000000000041 0.420738149379589 0.344578304277574 0.460171953048981
-0.190000000000041 0.424652404880012 0.351988291882383 0.462157204085264
-0.180000000000041 0.428574105208792 0.359423359209711 0.46414339840776
-0.170000000000041 0.432502617461114 0.366928053026546 0.466130486788445
-0.160000000000041 0.436438209839149 0.374483950849231 0.468118419932437
-0.150000000000041 0.44038011261799 0.382088359750131 0.470107148481674
-0.140000000000041 0.444327941355993 0.389738530587212 0.472096623018583
-0.130000000000041 0.448281309850804 0.397431660962927 0.474086794069768
-0.120000000000041 0.452239300044426 0.40516489828636 0.476077612109698
-0.110000000000041 0.456202400560099 0.412935342933098 0.478069027564407
-0.100000000000041 0.46016986374453 0.420740051497015 0.480060990815195
-0.090000000000041 0.464141297258775 0.428576104541192 0.48205345220234
-0.080000000000041 0.468116307576701 0.436440345166771 0.484046362028806
-0.070000000000041 0.472094500101939 0.444329790254753 0.486039670563969
-0.060000000000041 0.476077794657822 0.452241355420022 0.488033328047335
-0.050000000000041 0.480061168824439 0.460171929914676 0.490027284692267
-0.040000000000041 0.483743736727142 0.468118380296536 0.492021490689717
-0.030000000000041 0.488033495549433 0.476077554142858 0.494015896211957
-0.020000000000041 0.492022131587941 0.484046283801902 0.496010451416315
-0.010000000000041 0.496011101765431 0.492021390174946 0.498005106448908
-4.0991515737332E-14 0.500000470827553 0.499999807321306 0.499999811448387
0.00999999999995901 0.503989839846022 0.507978116688929 0.501994516549669
0.019999999999959 0.507978809891942 0.515953235294989 0.503989171887684
0.029999999999959 0.51196698215546 0.523921976388829 0.505983727601105
0.039999999999959 0.515953958065359 0.531881160871402 0.507978133836098
0.049999999999959 0.519939339408532 0.539827621100427 0.509972340750049
0.059999999999959 0.523922728449277 0.54775820467275 0.511966298515312
0.069999999999959 0.527903728048357 0.555669778176391 0.513959957322934
0.079999999999959 0.531881941781749 0.563559230904835 0.515953267386394
0.089999999999959 0.535856974059056 0.571423954761502 0.517946178945328
0.099999999999959 0.539828430241479 0.579259964137209 0.51993864226926
0.109999999999959 0.543795916759334 0.587064693308052 0.52193060766132
0.119999999999959 0.547759041229024 0.594835158397361 0.523922025461968
0.129999999999959 0.55171741256942 0.602568415970337 0.525912846052701
0.139999999999959 0.555670641117601 0.610261566371545 0.527903019859768
0.149999999999959 0.559618338743877 0.617911756976583 0.529892497357869
0.159999999999959 0.563560118966057 0.625516185351877 0.531881229073851
0.169999999999959 0.567495597062894 0.633072102316777 0.533869165590405
0.179999999999959 0.571424390186659 0.640576814902437 0.535856257549741
0.189999999999959 0.575346117474781 0.648027689202196 0.537842455657271
0.199999999999959 0.579260400160508 0.655422153108524 0.539827710685273
0.209999999999959 0.583166861682528 0.662757698931839 0.541811973476551
0.219999999999959 0.587065127793499 0.670031885896873 0.543795194948088
0.229999999999959 0.590954826667442 0.677242342512554 0.545777326094687
0.239999999999959 0.594835589005932 0.684386301819019 0.547758317992603
0.249999999999959 0.598707048143052 0.691462461811496 0.549738121803164
0.259999999999959 0.602567907345712 0.698468215378185 0.551716688776381
0.269999999999959 0.606419656768006 0.705401489283959 0.553693970254555
0.279999999999959 0.610261020119084 0.712260289412351 0.555669917675856
0.289999999999959 0.61409164230587 0.719042702310994 0.557644482577907
0.299999999999959 0.617911171372392 0.725746896592136 0.559617616601345
0.309999999999959 0.621719258596248 0.732371124187019 0.561589271493376
0.319999999999959 0.625515558583485 0.7389137214533 0.563559399111309
0.329999999999959 0.629299729361876 0.745373110135025 0.565527951426083
0.339999999999959 0.633071432472532 0.75174779817504 0.567494880525778
0.349999999999959 0.636830333059821 0.758036380380078 0.569460138619111
0.359999999999959 0.640576208510708 0.764237538939093 0.571423678038916
0.369999999999959 0.644308517137676 0.770350043795775 0.57338545124561
0.379999999999959 0.64802704117559 0.776372752876501 0.575345410830645
0.389999999999959 0.65173146104231 0.782304612175306 0.577303509519939
0.399999999999959 0.655421461181533 0.788144655697783 0.579259700177293
0.409999999999959 0.659096730141732 0.793892005266119 0.581213935807796
0.419999999999959 0.662756960653142 0.799545870187779 0.5831661695612
0.429999999999959 0.666401849702771 0.805105546790634 0.585116354735291
0.439999999999959 0.670031098607388 0.810570417827596 0.587064444779233
0.449999999999959 0.673644413084497 0.815939951754098 0.589010176347203
0.459999999999959 0.677241503321221 0.821213631518338 0.590953927904439
0.469999999999959 0.680822084041113 0.826391231723594 0.592895445446757
0.479999999999959 0.684385874568849 0.831472765712742 0.594834683060465
0.489999999999959 0.687932598892775 0.836457312534468 0.596771594999715
0.499999999999959 0.691461985725311 0.841345115914236 0.598706135689732
0.509999999999959 0.694973768561161 0.846136136734728 0.600638293008039
0.519999999999959 0.698467685733335 0.850830413293233 0.602567954626613
0.529999999999959 0.701943480466954 0.855418282196877 0.60449510931256
0.539999999999959 0.705400900930824 0.859929264238117 0.606419712207105
0.549999999999959 0.708839700286763 0.864334287517135 0.608341718638378
0.559999999999959 0.712259636736677 0.868643460713843 0.610261084124508
0.569999999999959 0.715660473567356 0.872857183617267 0.6121777643767
0.579999999999959 0.719041979192999 0.876975922656176 0.614091715302288
0.589999999999959 0.722403927195447 0.881000208856828 0.61600289300776
0.599999999999959 0.725746096362119 0.884930635744608 0.617911253801763
0.609999999999959 0.729068270721647 0.888767857194985 0.619816754198081
0.619999999999959 0.732370239577204 0.892512585239199 0.621730154988494
0.629999999999959 0.735651797537524 0.896165587830094 0.623629940926189
0.639999999999959 0.738912744545606 0.899727706726299 0.625526737325355
0.649999999999959 0.742152885905113 0.903199783617235 0.627444212217846
0.659999999999959 0.745372032304449 0.906582752474938 0.629334798700888
0.669999999999959 0.748569999838542 0.909877582025808 0.631222266015392
0.679999999999959 0.751746610028309 0.913085285334071 0.633106572164615
0.689999999999959 0.754901689837826 0.916206917438705 0.634975919360753
0.699999999999959 0.758035071689205 0.919243572986609 0.636853642334358
0.709999999999959 0.761146593475188 0.92219638386676 0.63872807967507
0.719999999999959 0.764236098569453 0.92506651685002 0.640599190344648
0.729999999999959 0.767303435834667 0.927855171239078 0.642466933544001
0.739999999999959 0.770348459628275 0.930563576532884 0.644308568246972
0.749999999999959 0.773371029806052 0.933192990109768 0.646169578771524
0.759999999999959 0.776371011723419 0.93574469493327 0.648027103168621
0.769999999999959 0.779348276234555 0.938219997284563 0.649881101618128
0.77999999999996 0.78230269968931 0.940620224525122 0.651731534551632
0.78999999999996 0.785234163927934 0.942946722893184 0.653578362654923
0.79999999999996 0.78814255627365 0.945200855337286 0.655421546870443
0.80999999999996 0.791027769523089 0.947383999390038 0.657261048399717
0.81999999999996 0.793889701934603 0.949497545085058 0.659096828705739
0.82999999999996 0.796728257214479 0.951542856884639 0.660928849515342
0.83999999999996 0.799543344501085 0.953521340322797 0.662757597544114
0.84999999999996 0.802334878346959 0.955434520971152 0.664581985985983
0.85999999999996 0.805102778698884 0.957282480870053 0.666402501676066
0.86999999999996 0.807846970875951 0.959069152229276 0.668219107419302
0.87999999999996 0.810567385545667 0.960794719226677 0.670031766295804
0.88999999999996 0.813263933506003 0.962460605347946 0.671840441663038
0.89999999999996 0.815936614309661 0.96406823175595 0.673645097157956
0.90999999999996 0.818585341855677 0.965619015696143 0.675445696699105
0.91999999999996 0.821210067938946 0.967114368963895 0.677242204488703
0.92999999999996 0.823810749554709 0.968555696434562 0.679034585014679
0.93999999999996 0.82638734886344 0.969944394656958 0.680822803052678
0.94999999999996 0.828939833153965 0.971283229125263 0.68260682366804
0.95999999999996 0.831468174804864 0.972570815367158 0.684386612217738
0.96999999999996 0.833972351244188 0.973810203930312 0.686162134352288
0.97999999999996 0.836452344907511 0.975002151465426 0.687933356017618
0.98999999999996 0.838908143194379 0.976148279619766 0.689700243456914
0.99999999999996 0.841339738423169 0.977249908951474 0.69146276321242
1.00999999999996 0.843747127784408 0.978308343647843 0.69322088212721
1.01999999999996 0.846130313292583 0.979324870630228 0.694974567346929
1.02999999999996 0.84848930173649 0.980300758721139 0.69672378632149
1.03999999999996 0.850824104628142 0.981237257872683 0.698468506806742
1.04999999999996 0.853134738150298 0.982135598455447 0.700208696866108
1.05999999999996 0.855421223102637 0.982996990606773 0.701944324872177
1.06999999999996 0.857683584846616 0.983822623637295 0.703675359508268
1.07999999999996 0.859921853249064 0.984613665494528 0.70540176976996
1.08999999999996 0.862136062624543 0.985371262282187 0.707123524966582
1.09999999999996 0.864326251676519 0.986096537833872 0.708840594722673
1.10999999999996 0.866492313801785 0.986790593339648 0.710552948979401
1.11999999999996 0.868634575416821 0.987454507024022 0.712260557995949
1.12999999999996 0.87075295779308 0.988089333873735 0.71396339235087
1.13999999999996 0.872847516570122 0.988696105413757 0.715661422943395
1.14999999999996 0.874918311466443 0.98927582952981 0.717354620994721
1.15999999999996 0.876965406214405 0.989829490335743 0.719042958049248
1.16999999999996 0.878988868494283 0.990358048084 0.720726405975789
1.17999999999996 0.880988769867441 0.990862439117456 0.722404936968743
1.18999999999996 0.88296518570871 0.991343575860826 0.724078523549229
1.19999999999996 0.884918195137974 0.991802346849884 0.725747138566191
1.20999999999996 0.886847880951047 0.992239616796689 0.727410755197454
1.21999999999996 0.888754329549846 0.992656226689021 0.729069346950762
1.22999999999996 0.890637630871923 0.993052993922255 0.730722887664761
1.23999999999996 0.892497878319393 0.993430207877887 0.732371351509962
1.24999999999996 0.894335168687297 0.993789762815425 0.734014775108096
1.25999999999996 0.896149602091441 0.9941320182317 0.735653011148217
1.26999999999996 0.897941281895758 0.994457395794781 0.73728609485122
1.27999999999996 0.899710314639224 0.994766405532786 0.738914001723732
1.28999999999996 0.901456809962377 0.995059992297743 0.740536707608476
1.29999999999996 0.903180880533481 0.995338814307336 0.742154188685011
1.30999999999996 0.904882641974358 0.995603508191089 0.743766421470439
1.31999999999996 0.906562212785954 0.995854689335704 0.745373382820066
1.32999999999996 0.908219714273651 0.99609295224602 0.746975049928041
1.33999999999996 0.90985527047239 0.996318870920075 0.748571400327949
1.34999999999996 0.911469008071619 0.996532822322274 0.750162411893373
1.35999999999996 0.913061056340122 0.996735696406987 0.751748062838416
1.36999999999996 0.914631547050762 0.996927829283464 0.753328331718196
1.37999999999996 0.916180614405163 0.997109716896297 0.75490319742929
1.38999999999996 0.917708394958391 0.99728183672109 0.756472639210161
1.39999999999996 0.919215027543649 0.997444648195316 0.758036636641533
1.40999999999996 0.920700653197035 0.997598593154105 0.759595169646744
1.41999999999996 0.922165415082384 0.997744096269846 0.76114821849205
1.42999999999996 0.92360945841625 0.997881565494547 0.762696052010816
1.43999999999996 0.92503293039304 0.998011392503933 0.764238075898326
1.44999999999996 0.926435980110349 0.998133953142336 0.765774558463827
1.45999999999996 0.927818758494518 0.998249607867451 0.767305481346473
1.46999999999996 0.929181418226454 0.998358702194126 0.768830826529335
1.47999999999996 0.930524113667746 0.998461567136348 0.770350576339488
1.48999999999996 0.931847000787099 0.998558519646698 0.771864713448091
1.49999999999996 0.933150237087118 0.998649863052544 0.773373220870405
1.50999999999996 0.934433981531485 0.998735887488325 0.774876081965799
1.51999999999996 0.935698394472539 0.998816870323303 0.776373280437705
1.52999999999996 0.936943637579299 0.998893076584228 0.777864800333549
1.53999999999996 0.938169873765957 0.998964759372382 0.779350626044647
1.54999999999996 0.939377267120864 0.999032160274524 0.780830742306059
1.55999999999996 0.940565982836034 0.999096550237599 0.782305134196418
1.56999999999996 0.941736187137204 0.99915613991698 0.783773787137726
1.57999999999996 0.942888047214457 0.999212106054334 0.785236686895105
1.58999999999996 0.944021731153443 0.999264647862151 0.78669381957653
1.59999999999996 0.945137407867225 0.999313954986749 0.788145171632517
1.60999999999996 0.946235247028759 0.999360207876116 0.789590729855785
1.61999999999996 0.947383893350484 0.999402132550342 0.791030481380881
1.62999999999996 0.948449282943448 0.999442723851795 0.792464413683776
1.63999999999996 0.94949744757614 0.999480753691116 0.793892514581423
1.64999999999996 0.950528562621414 0.99951636950981 0.79531477223129
1.65999999999996 0.951542803981485 0.999549711255855 0.796731175130858
1.66999999999996 0.952540348026956 0.999580911698228 0.79814171211708
1.67999999999996 0.953517457348227 0.999610096732448 0.799546372365824
1.68999999999996 0.954482111286853 0.999638689136136 0.800945145391269
1.69999999999996 0.955430601228759 0.99966416815368 0.802338021045275
1.70999999999996 0.956368581030501 0.999687969168763 0.803724989516729
1.71999999999996 0.957285214846521 0.999710193570649 0.805106041330849
1.72999999999996 0.958186216206028 0.999730937271209 0.806481167348465
1.73999999999996 0.959071964501846 0.999750290956584 0.807850358765264
1.74999999999996 0.959942244202903 0.99976834033017 0.809213607111013
1.75999999999996 0.960797425707091 0.999784088143343 0.810570904248741
1.76999999999996 0.961641761980146 0.999799895236619 0.811922242373904
1.77999999999996 0.962467287813273 0.999814534786862 0.813267614013506
1.78999999999996 0.963273314997586 0.999828129738021 0.814607012025204
1.79999999999996 0.964069960182447 0.999840818316123 0.815940429596378
1.80999999999996 0.964852394307466 0.99985262527194 0.817267860243168
1.81999999999996 0.965620794031128 0.999863607437955 0.818589297809494
1.82999999999996 0.966375335624437 0.999873818314066 0.819904736466036
1.83999999999996 0.967116194925477 0.999883308239073 0.821214170709191
1.84999999999996 0.967843547294978 0.999892124555006 0.822517595360006
1.85999999999996 0.968557567572867 0.999900311764484 0.823815005563075
1.86999999999996 0.969258430035821 0.999907911681299 0.825106396785416
1.87999999999996 0.969946308355822 0.999914963574416 0.826391764815317
1.88999999999996 0.970621375559716 0.999921504305576 0.827671105761159
1.89999999999996 0.971283803989777 0.999927568460704 0.828944416050205
1.90999999999996 0.971933765265275 0.999933206667595 0.830211692427376
1.91999999999996 0.972571430245055 0.999938416608841 0.831472931953986
1.92999999999996 0.973196968991113 0.999943241544471 0.832728132006462
1.93999999999996 0.973810550733192 0.999947708156829 0.833977290275035
1.94999999999996 0.974412343834361 0.999951841422284 0.835220404762406
1.95999999999996 0.975002515757616 0.999955664709429 0.836457473782388
1.96999999999996 0.975581233033464 0.999959199872414 0.837688495958521
1.97999999999996 0.976148661228516 0.999962467339612 0.838913470222666
1.98999999999996 0.976704964915056 0.999965486197789 0.840132395813578
1.99999999999996 0.977250307641613 0.999968274271971 0.841345272275444
2.00999999999996 0.977784851904507 0.999970848201155 0.842552099456409
2.01999999999996 0.978308759120373 0.999973223510071 0.843752877507076
2.02999999999996 0.978822189599663 0.999975414677126 0.844947606878982
2.03999999999996 0.979325302521105 0.999977435198719 0.84613603405087
2.04999999999996 0.979818255907127 0.999979297650068 0.847318673252854
2.05999999999996 0.980301206600235 0.999981013742717 0.848495266948153
2.06999999999996 0.980774310240326 0.999982594378861 0.849665816775912
2.07999999999996 0.981237239183963 0.999984049702644 0.850830324668261
2.08999999999996 0.981691105048498 0.999985389148563 0.851988792848654
2.09999999999996 0.982135583612176 0.999986621487116 0.853141223830205
2.10999999999996 0.982570825505482 0.999987754867836 0.854287620413988
2.11999999999996 0.982996980056667 0.99998879685982 0.855427985687324
2.12999999999996 0.983414195274544 0.999989754489891 0.856562323022051
2.13999999999996 0.983822617832168 0.999990634278508 0.857690636072768
2.14999999999996 0.984222393051382 0.999991442273531 0.858812928775063
2.15999999999996 0.98461366488823 0.999992184081959 0.859929205343726
2.16999999999996 0.984996575919209 0.999992864899743 0.861039470270939
2.17999999999996 0.985371267328376 0.999993489539771 0.862143728324449
2.18999999999996 0.985737878895262 0.999994062458132 0.863241984545724
2.19999999999996 0.986096548983615 0.999994696450227 0.864334244248093
2.20999999999996 0.986447414530943 0.999995169959239 0.865420513014866
2.21999999999996 0.986790611038843 0.999995602510961 0.866500796697441
2.22999999999996 0.987126272564116 0.999995997385013 0.86757510141339
2.23999999999996 0.987454531710638 0.999996357616148 0.868643433544533
2.24999999999996 0.987775519621999 0.999996686011952 0.869705799734995
2.25999999999995 0.988089365974863 0.999994514773356 0.870762206889249
2.26999999999995 0.988396198973074 0.999994742858552 0.87181266217014
2.27999999999995 0.988696145342463 0.999994953135093 0.871408474512276
2.28999999999995 0.988989330326361 0.999995147757914 0.873895747043134
2.29999999999995 0.989275877681797 0.999997934817325 0.874928392234827
2.30999999999995 0.989555909676374 0.999998120387916 0.875955116748293
2.31999999999995 0.989829547085796 0.999998288672446 0.876975929008136
2.32999999999995 0.990096909192053 0.999998441170803 0.8779908376852
2.33999999999995 0.990358113782225 0.999998579269511 0.878999851694491
2.34999999999995 0.990613277147919 0.999998670294751 0.880002980193103
2.35999999999995 0.990862514085295 0.999998946082198 0.880999901265034
2.36999999999995 0.991105937895697 0.999999056399874 0.881991285594107
2.37999999999995 0.991343660386851 0.999999156439768 0.882976813357786
2.38999999999995 0.991575791874627 0.999999247070216 0.883956494661251
2.39999999999995 0.991802441185354 0.999999178017049 0.884930339841182
2.40999999999995 0.992023715658667 0.999999267658153 0.885898359463611
2.41999999999995 0.992239721150869 0.999999351778474 0.886860564321762
2.42999999999995 0.992450562038812 0.999999431031547 0.887816965433881
2.43999999999995 0.992656341224257 0.99999950601371 0.88876757404106
2.44999999999995 0.992857160138721 0.999999577267669 0.889712401605047
2.45999999999995 0.99305311874879 0.999999677265104 0.890651459806053
2.46999999999995 0.993244315561873 0.999999716374823 0.891584760540542
2.47999999999995 0.993430847632407 0.999999751264033 0.892512315919023
2.48999999999995 0.993608687047801 0.999999782293992 0.893434138263829
2.49999999999995 0.993785893811425 0.999999809794885 0.894350240106886
2.50999999999995 0.993963404280365 0.999999834068347 0.89526063418748
2.51999999999995 0.994132219105841 0.999999855389769 0.896165333450016
2.52999999999995 0.994296832912154 0.999999874010412 0.897064351041767
2.53999999999995 0.994457334188828 0.99999989015935 0.89795770031062
2.54999999999995 0.994613810026906 0.999999904045226 0.89884539480282
2.55999999999995 0.99476638481734 0.999999915857869 0.899727448260697
2.56999999999995 0.994915032161066 0.999999925769748 0.900603874620398
2.57999999999995 0.995059942096065 0.999999933937296 0.901474688009615
2.58999999999995 0.995201161229722 0.999999886372939 0.902339902745297
2.59999999999995 0.995338769805541 0.999999894371789 0.903199533331371
2.60999999999995 0.995472846728258 0.999999901195505 0.90405359445645
2.61999999999995 0.995603469574764 0.999999906937722 0.904902100991541
2.62999999999995 0.995730714605279 0.999999911680114 0.905745067987751
2.63999999999995 0.995854656774758 0.999999915493082 0.906582510673988
2.64999999999995 0.995975369744512 0.999999918436355 0.907414444454655
2.65999999999995 0.99609292589404 0.999999920559497 0.908240884907354
2.66999999999995 0.996207396333064 0.999999701740538 0.909061847780572
2.67999999999995 0.996318850913745 0.999999710510837 0.909877348991379
2.68999999999995 0.996427358243073 0.999999718397652 0.910687404623116
2.69999999999995 0.996532985695431 1.00000010726848 0.911492030923083
2.70999999999995 0.996635830704367 1.00000012325066 0.912291244300233
2.71999999999995 0.996735895048879 1.0000001374882 0.913085061322854
2.72999999999994 0.996833274320556 1.0000001498362 0.913873498716258
2.73999999999994 0.99692803109095 1.00000016013475 0.914656573360473
2.74999999999994 0.997031519639448 1.00000016001769 0.915434302287925
2.75999999999994 0.997121302282505 1.00000016126421 0.916206702681128
2.76999999999994 0.997197174674905 1.00000015991642 0.916973791870376
2.77999999999994 0.997282044002752 1.00000015576791 0.91773558733143
2.78999999999994 0.99736458644002 0.99999972024835 0.918492106683211
2.79999999999994 0.997444857754001 0.999999712757963 0.919243367685495
2.80999999999994 0.997522912625576 0.99999970397718 0.919989388236603
2.81999999999994 0.997598804662976 0.999999693814735 0.920730186371104
2.82999999999994 0.997672586415604 0.999999682166098 0.921465780257515
2.83999999999994 0.99774430938788 0.999999668912424 0.922196188195998
2.84999999999994 0.997814024053125 0.999999653919392 0.922921428616072
2.85999999999994 0.997881779867448 0.999999637035929 0.923641520074318
2.86999999999994 0.997947625283663 0.99999961809281 0.924356481252093
2.87999999999994 0.9980116077652 0.999999841444094 0.925066330953249
2.88999999999994 0.998073773800014 0.999999846798088 0.925771088101849
2.89999999999994 0.998134168914492 0.999999849132253 0.926470771739892
2.90999999999994 0.998192837687336 0.999999848075953 0.927165401025048
2.91999999999994 0.998249823763433 0.999999843231182 0.927854995228384
2.92999999999994 0.998305169867689 0.999999834170714 0.928539573732112
2.93999999999994 0.998358917818831 0.999999820436061 0.929219156027326
2.94999999999994 0.998411108543176 0.999999801535208 0.929893761711755
2.95999999999994 0.998461782088343 0.999999776940124 0.93056341048752
2.96999999999994 0.998510977636923 0.999998245612367 0.931228122158896
2.97999999999994 0.998558733520085 0.999998304183608 0.931887916630077
2.98999999999994 0.998605087231133 0.99999782240752 0.932542813902955
2.99999999999994 0.998650075438979 0.999997835088698 0.933192834074897
3.00999999999994 0.998693734001564 0.999989944456992 0.933837997336539
3.01999999999994 0.998736097979187 0.999990518210284 0.934478323969575
3.02999999999994 0.998777201647767 0.999992542042342 0.935113834344566
3.03999999999994 0.998817078512012 0.999992976829797 0.935744548918745
3.04999999999994 0.998855761318506 0.999993358852526 0.936370442201305
3.05999999999994 0.998893282068699 0.999993689728561 0.936991626391365
3.06999999999994 0.998929672031807 0.999992611736421 0.937608076653074
3.07999999999994 0.998964961757609 0.999992885469917 0.938219813768824
3.08999999999994 0.998999181089142 0.999992632155108 0.938826858596856
3.09999999999994 0.999032359175292 0.999992657334356 0.939429232069129
3.10999999999994 0.999064524483279 0.999992633168667 0.940026955189182
3.11999999999994 0.999095704811021 0.999993524127249 0.940620049030016
3.12999999999994 0.999125927299397 0.999993639563053 0.941208534731986
3.13999999999994 0.999155218444382 0.999993637765602 0.941792433500691
3.14999999999994 0.999183604109071 0.999993589223022 0.942371766604891
3.15999999999994 0.999211109535578 0.999993492944219 0.942946555374418
3.16999999999994 0.999237759356809 0.999993347656331 0.943516821198109
3.17999999999994 0.999263577608115 0.999993151793566 0.944082585521743
3.18999999999994 0.999288587738818 0.999992903484805 0.944643869845986
3.19999999999993 0.999312812623598 0.999992600539885 0.945200958857209
3.20999999999993 0.999336274573765 0.999992240434503 0.945753348168235
3.21999999999993 0.999358995348383 0.99999182029367 0.946301322265561
3.22999999999993 0.999380996165276 0.999991336873637 0.94684490284907
3.23999999999993 0.999402297711886 0.999990786542218 0.94738411166345
3.24999999999993 0.999422920156 0.999990165257417 0.94791897049621
3.25999999999993 0.999442883156349 0.999989468544298 0.948449501175706
3.26999999999993 0.999462205873052 0.99998869146998 0.948975725569184
3.27999999999993 0.999479930417902 0.999987828616683 0.949497665580827
3.28999999999993 0.999498017950275 0.999986874052724 0.950015343149821
3.29999999999993 0.999515520366311 0.999985821301363 0.950528780248432
3.30999999999993 0.999532454942937 0.999889464399749 0.951031496864817
3.31999999999993 0.999548740190362 0.999983392401343 0.951536324833349
3.32999999999993 0.999564593355176 0.999982000261262 0.952036976604049
3.33999999999993 0.999579928131761 0.999980477871828 0.952533474281266
3.34999999999993 0.999594760064095 0.999978815480799 0.953033129790734
3.35999999999993 0.999609104284708 0.999977002552595 0.953521587097754
3.36999999999993 0.999627587890058 0.999975027718911 0.954005958507473
3.37999999999993 0.999640950543074 0.999972878726218 0.954486266189038
3.38999999999993 0.999653866853342 0.999970542380021 0.954962532327933
3.39999999999993 0.999666350438473 0.999968004485718 0.955434779124183
3.40999999999993 0.999678369428377 0.999965249785925 0.955903028790578
3.41999999999993 0.999690024230788 0.999962261894106 0.956367303550901
3.42999999999993 0.99969713403539 0.999959023224355 0.95682762563818
3.43999999999993 0.999709140305367 0.99995551491718 0.957284017292944
3.44999999999993 0.9997197124209 0.999951716761104 0.957736500761502
3.45999999999993 0.999729926603827 0.999947607109936 0.958185098294234
3.46999999999993 0.999739794019017 0.999943162795544 0.958629832143888
3.47999999999993 0.999749325519689 0.999938359035928 0.959070724563906
3.48999999999993 0.999758531654807 0.999933169338462 0.959507797806747
3.49999999999993 0.999767422676336 0.999927565398086 0.959941074122245
3.50999999999993 0.999775974825679 0.999918397944887 0.960370575755959
3.51999999999993 0.99978425499821 0.999914991858737 0.96079632494756
3.52999999999993 0.999792248756372 0.999907955597216 0.961218343929213
3.53999999999993 0.999799965233365 0.999900412386982 0.961636654923987
3.54999999999993 0.999807413300113 0.999892242266483 0.962051280144276
3.55999999999993 0.999814601571761 0.999883443498633 0.96246224179023
3.56999999999993 0.999821538414041 0.999873392649187 0.962869562048213
3.57999999999993 0.999828231949525 0.999863185548982 0.963273263089262
3.58999999999993 0.999834690063741 0.999852210127346 0.963673367067568
3.59999999999993 0.999840920411179 0.999840413146674 0.964069896118978
3.60999999999993 0.999846930421171 0.999827738046022 0.964462894048987
3.61999999999993 0.999852727303655 0.999814149919151 0.964852341009729
3.62999999999993 0.999858318054815 0.999800178046015 0.965238279358372
3.63999999999993 0.999863709462616 0.999784497937453 0.965620731143
3.64999999999993 0.999868908112213 0.999767647115532 0.965999718386057
3.65999999999993 0.999873920391252 0.999749603984184 0.966375263082936
3.66999999999992 0.999878752495062 0.999730261323584 0.966747387200577
3.67999999999992 0.999883410431728 0.999709533987815 0.967116112676091
3.68999999999992 0.999887900027063 0.999687331891684 0.96748146141539
3.69999999999992 0.999892226929472 0.999663559772094 0.967843455291841
3.70999999999992 0.999896396614702 0.99963811694117 0.968202116144928
3.71999999999992 0.999900414390496 0.999610897031079 0.968557465778935
3.72999999999992 0.999904285401141 0.99958178773051 0.968909525961643
3.73999999999992 0.999908014631917 0.999554440461299 0.969258318423042
3.74999999999992 0.999911606913437 0.999521506603992 0.969603864854057
3.75999999999992 0.999915066925901 0.999481905452949 0.969946186905296
3.76999999999992 0.999918399203247 0.999443986917203 0.970285306185807
3.77999999999992 0.999921608137202 0.999403518475333 0.970621244261851
3.78999999999992 0.999924697981248 0.999360346155212 0.9709540226557
3.79999999999992 0.999927672854491 0.999314307964743 0.971283662844434
3.80999999999992 0.999930536745438 0.999265233563097 0.971610186258773
3.81999999999992 0.999933293515689 0.999212943924386 0.971933614281908
3.82999999999992 0.999935946903536 0.999157250994021 0.972253968248357
3.83999999999992 0.999938500527478 0.999097957338029 0.972571269442838
3.84999999999992 0.999940957889654 0.999034855785646 0.972885539099148
3.85999999999992 0.999943322379188 0.998967729065557 0.97319679839907
3.86999999999992 0.999945597275456 0.998896349436168 0.973435489391205
3.87999999999992 0.999981636166796 0.998820478310384 0.973740561723559
3.88999999999992 0.999949890875976 0.998739865875367 0.974042695430191
3.89999999999992 0.999951915618505 0.998654250707842 0.974412153789668
3.90999999999992 0.999953862850302 0.998563359385533 0.974708677138812
3.91999999999992 0.999955735348215 0.998466906095397 0.975002316070326
3.92999999999992 0.9999575357973 0.998364592239353 0.975293091372412
3.93999999999992 0.999959266793553 0.998256106038278 0.975581023773029
3.94999999999992 0.999960930846573 0.998141108920986 0.975866133938927
3.95999999999992 0.999962530382158 0.998019119496114 0.97614844247471
3.96999999999992 0.999964067744831 0.997890110009885 0.976427969921903
3.97999999999992 0.999965545200302 0.997753541009676 0.976704736758044
3.98999999999992 0.999966964937862 0.999999838465632 0.976978763395785
3.99999999999992 0.999968329072716 0.999999840160816 0.977250070182009
