100 0.1 0.109543266563266 0.0169554008002216
1099 0.0301648488703381 0.0340588979254601 0.0238941394801668
2098 0.0218321877799786 0.0240181560093267 0.00812056869218714
3097 0.0179692270945774 0.0200879445131962 0.00528322350677679
4096 0.015625 0.0172791952826556 0.00563786609067174
5095 0.0140096700096117 0.0154883098796023 0.00508734313779113
6094 0.0128099895380858 0.0141706795896209 0.00491408857119435
7093 0.0118736712435634 0.0131361999686392 0.00510111358043785
8092 0.0111166021473302 0.0123907921487219 0.00359305930255549
9091 0.0104880360416524 0.0115873227303356 0.0059873681189907
10090 0.00995530148967111 0.0109872546590909 0.00941772446838385
11089 0.00949628649102733 0.0105590668294622 0.00128910034422236
12088 0.00909542033546311 0.0100972202282241 0.000743392971693235
13087 0.00874137896864111 0.00970651896047467 0.000892618297693937
14086 0.00842570322273883 0.009329874875406 0.00382693568488057
15085 0.00814192959728341 0.00908253339837432 0.0062716095625257
16084 0.00788502306017791 0.00874087820721044 0.00338151088709659
17083 0.0076509952009798 0.00852258599977064 0.0044910814105712
18082 0.00743664015914058 0.00826750526551682 0.000105998903737525
19081 0.0072393476715014 0.00804677957190764 0.000414764162519621
20080 0.00705696796172046 0.00784256508710863 0.00150222856808213
21079 0.00688771229601727 0.00765301170770994 0.00234139779130182
22078 0.00673007858691348 0.00749256964448232 0.00207767173355222
23077 0.00658279491472812 0.00731836986057026 0.00147464489825966
24076 0.00644477608046729 0.00717758871360069 0.00252202442743554
25075 0.00631508977950673 0.0070398010551066 0.00433476994318305
26074 0.00619292997561756 0.00692126668467542 0.00831757119148091
27073 0.00607759573137637 0.00677448533489615 0.00536392442063605
28072 0.00596847422089648 0.00662600221526935 0.00113678028733943
29071 0.00586502698219201 0.0065300644733919 0.00317936858243395
30070 0.00576677870345013 0.00640137308460518 0.000950272100905369
31069 0.00567330800912971 0.00630902026930953 0.00145965005117144
32068 0.00558423983761903 0.00620419693744831 1.26287717570062E-05
33067 0.00549923909543161 0.00611575266751196 0.00178330841306962
34066 0.00541800534274105 0.00603901159212352 0.00547344390629179
35065 0.00534026831784181 0.0059263105542584 0.000233252615781554
36064 0.00526578414838918 0.00583539523965413 0.00352468236017323
37063 0.0051943321282464 0.00576293604121528 0.000504324936776546
38062 0.00512571196278399 0.00567801820796297 0.00461077743211924
39061 0.005059741404237 0.00562656005353117 0.00150291182858076
40060 0.00499625421348348 0.0055621323169629 0.00308670385741516
41059 0.00493509839629416 0.00547025084567182 0.00258869437114062
42058 0.00487613467141517 0.00542168419781315 0.00156395109048679
43057 0.00481923513531007 0.00536070428038887 0.00152906477145964
44056 0.004764282094405 0.00528186610341505 0.00175634724646279
45055 0.004711167040557 0.00523968659166789 0.0022834366667801
46054 0.00465978974943803 0.0051885192705916 0.00305870356939364
47053 0.0046100574847787 0.00511261828769875 0.00182754011519692
48052 0.00456188429408959 0.00505126556253437 0.00474259031801738
49051 0.00451519038368635 0.00499996443083938 0.0044486164375358
50050 0.00446990156267674 0.00495830396082367 0.00226198015335988
51049 0.00442594874709326 0.00491068193936356 0.00168061259571339
52048 0.00438326751663056 0.0048728386637555 0.000911663536860008
53047 0.00434179771751693 0.00481801595938967 0.000350212968308061
54046 0.00430148310595075 0.0047745484831454 0.00112962212669399
55045 0.00426227102729401 0.00473330191084734 0.000438801313987769
56044 0.00422411212686116 0.00469419121955851 0.000443457607768538
57043 0.00418696008869031 0.00463121470715449 0.00527133416190995
58042 0.00415077139915242 0.00461333066859732 0.000256844504167297
59041 0.00411550513265491 0.0045749748816818 0.000479266859065852
60040 0.00408112275703978 0.00453594818893441 0.000259752180349349
61039 0.00404758795657247 0.00450320488118013 0.00220487649443646
62038 0.00401486647067247 0.00445988289316735 0.000589450152759796
63037 0.00398292594675767 0.00442446430014146 0.000647950182101398
64036 0.0039517358057654 0.00439123632490346 0.000370026513269783
65035 0.00392126711907953 0.00435324566927018 0.00106220290187375
66034 0.00389149249573775 0.00432085641773855 0.000747868337103497
67033 0.00386238597891917 0.00429103287557009 0.000565400346469902
68032 0.0038339229508234 0.00425950485269877 0.000455741471265814
69031 0.00380608004514856 0.00423342004668117 0.00168606731024012
70030 0.00377883506646127 0.00420301605213119 0.00219193845354226
71029 0.00375216691582614 0.00417086617392548 0.00102086408220758
72028 0.00372605552212854 0.00413972042375555 0.000533423526883015
73027 0.00370048177858256 0.00411024678643921 4.91247628486846E-06
74026 0.00367542748396785 0.00408763401189748 0.00214049714068909
75025 0.00365087528818456 0.00405877281070509 0.000600674405645041
76024 0.00362680864175638 0.00402569836583455 0.000627381103960989
77023 0.00360321174894771 0.0039963105532875 0.0021667997054311
78022 0.0035800695241932 0.00398352560492129 0.00253547400284759
79021 0.00355736755156658 0.0039538872385272 0.000167089144041288
80020 0.00353509204704131 0.00392588118044403 0.000123005829897105
81019 0.00351322982331875 0.00389433780309194 0.0030184938922202
82018 0.00349176825701973 0.0038800487856203 0.000932698123872644
83017 0.00347069525805421 0.00385654739735723 0.000494847903576234
84016 0.00344999924100025 0.00382241304435383 0.0033614872583736
85015 0.00342966909833817 0.00380686875054809 0.00078312989087459
86014 0.00340969417539957 0.00379596938040067 0.00275489385977212
87013 0.00339006424690285 0.00377010296618716 0.00176540870205399
88012 0.00337076949495779 0.00374792493040788 0.00220649664785366
89011 0.00335180048843171 0.00371747687413781 0.00183141420356392
90010 0.00333314816357882 0.00370123313777209 0.00070399886711936
91009 0.0033148038058422 0.00368697055511237 0.00230433471228442
92008 0.00329675903274558 0.00366414431374252 0.000815379227885993
93007 0.00327900577779853 0.00364140395988285 8.13622674586956E-05
94006 0.00326153627534494 0.00361798890931837 0.00167379877153728
95005 0.00324434304629002 0.00359884077726391 0.00144130725457292
96004 0.00322741888464646 0.0035901150302158 0.00196112503765855
97003 0.00321075684484453 0.00356352168018925 0.000823085284989311
98002 0.00319435022975549 0.00354526925282223 0.000764984452568007
99001 0.0031781925793815 0.00353270016227758 0.000929271423685263
