0 1
0.1 0.995
0.124728614855838 0.992222915079054
0.146719111670455 0.989243551662145
0.166364600894744 0.986177267256466
0.184256039899898 0.983053569699983
0.201566490872989 0.979731766363777
0.218164498972184 0.976270953856468
0.234035699658349 0.972710119941054
0.249223234019515 0.96907324093986
0.263792977556307 0.965374214933199
0.27781530044196 0.961620637426461
0.291356514454073 0.957816377502456
0.304475539375108 0.953963218103371
0.317223181869482 0.950061850259573
0.329642605231552 0.946112450628356
0.341770254956475 0.942115002000207
0.3536368813549 0.938069460701081
0.365268498580911 0.933975835796925
0.376687219829377 0.92983421943372
0.387911956792454 0.925644791529926
0.398958992820126 0.921407812150264
0.409842447049202 0.917123608954207
0.420574648120638 0.912792563624418
0.431166434638076 0.90841509917954
0.441627397049703 0.903991668963494
0.451966073024385 0.899522747512348
0.462190106013781 0.895008823207747
0.472306374672628 0.89045039250049
0.482321099161699 0.885847955451476
0.492239929045395 0.881202012345296
0.502068016465426 0.876513061159425
0.511810077470044 0.871781595705865
0.521470443757141 0.867008104295424
0.531053106609262 0.862193068804696
0.540561754427206 0.85733696405107
0.54999980498113 0.852440257401833
0.559370433274423 0.847503408560031
0.568676595741093 0.842526869482889
0.577921051360496 0.837511084398791
0.587106380165382 0.832456489896826
0.596234999533619 0.827363515068976
0.605309178585776 0.82223258168978
0.614331050955935 0.817064104421903
0.62330262615897 0.811858491038829
0.632225799741582 0.806616142658008
0.641102362375121 0.801337453979445
0.649934008024116 0.796022813525938
0.658722341304559 0.790672603882166
0.667468884129495 0.785287201930534
0.676175081725676 0.779866979082286
0.684842308093503 0.774412301502787
0.693471870972756 0.768923530330257
0.702065016368371 0.763401021887453
0.710622932683569 0.757845127886029
0.719146754501632 0.752256195623422
0.727637566052599 0.74663456817224
0.736096404396689 0.740980584562214
0.744524262352566 0.735294579954838
0.752922091195248 0.729576885810851
0.76129080314565 0.723827830050775
0.769631273671297 0.718047737208726
0.7779443436156 0.71223692857973
0.786230821171189 0.706395722360801
0.79449148371119 0.700524433786013
0.80272707949086 0.694623375255836
0.810938329230728 0.688692856460962
0.819125927591285 0.682733184500878
0.827290544548233 0.676744663997414
0.835432826676472 0.670727597203497
0.843553398350177 0.664682284107338
0.851652862865643 0.658609022532251
0.859731803492954 0.652508108232321
0.867790784461967 0.646379834984115
0.875830351887613 0.640224494674614
0.883851034639074 0.634042377385559
0.891853345156981 0.627833771474364
0.89983778022243 0.621598963651777
0.907804821681298 0.615338239056429
0.915754937127016 0.60905188132642
0.923688580544731 0.60274017266809
0.93160619291952 0.5964033939221
0.939508202811125 0.590041824626945
0.947395026897456 0.583655743080036
0.955267070488956 0.577245426396437
0.963124728015751 0.570811150565397
0.970968383489342 0.56435319050475
0.978798410940498 0.557871820113301
0.986615174834849 0.551367312321277
0.994419030467589 0.544839939138941
1.00221032433859 0.538289971703443
1.00998939450912 0.531717680323996
1.0177565709413 0.525123334525443
1.02551217582137 0.518507203090294
1.03325652386759 0.511869554099297
1.04098992262393 0.50521065497061
1.04871267274011 0.498530772497633
1.05642506823896 0.491830172885558
1.0641273967718 0.485109121786698
1.0718199398624 0.478367884334641
1.07950297314034 0.471606725177288
1.08717676656424 0.464825908508807
1.09484158463543 0.458025698100576
1.10249768660264 0.451206357331127
1.11014532665812 0.444368149215159
1.11778475412576 0.437511336431643
1.12541621364148 0.430636181351069
1.13303994532648 0.42374294606186
1.14065618495355 0.416831892395997
1.14826516410695 0.409903281953883
1.15586711033612 0.402957376128481
1.16346224730351 0.395994436128754
1.17105079492689 0.389014723002435
1.17863296951641 0.382018497658162
1.18620898390668 0.375006020886994
1.19377904758403 0.367977553383341
1.20134336680932 0.360933355765335
1.20890214473651 0.353873688594655
1.21645558152704 0.34679881239584
1.22400387446043 0.339708987675104
1.23154721804118 0.332604474938678
1.23908580410216 0.3254855347107
1.24661982190467 0.31835242755067
1.25414945823536 0.311205414070485
1.26167489750006 0.30404475495108
1.26919632181486 0.296870710958692
1.27671391109438 0.289683542960754
1.28422784313743 0.282483511941446
1.29173829371031 0.275270879016912
1.29924543662763 0.268045905450165
1.30674944383099 0.260808852665685
1.31425048546547 0.253559982263732
1.32174872995418 0.24629955603439
1.32924434407083 0.23902783597134
1.33673749301046 0.231745084285398
1.34422834045854 0.224451563417814
1.35171704865829 0.217147536053343
1.35920377847653 0.209833265133117
1.36668868946806 0.202509013867308
1.37417193993855 0.195175045747617
1.38165368700622 0.18783162455957
1.38913408666216 0.180479014394669
1.39661329382955 0.173117479662371
1.40409146242168 0.165747285101939
1.41156874539898 0.158368695794145
1.41904529482506 0.150981977172867
1.42652126192174 0.143587395036554
1.43399679712329 0.136185215559605
1.44147205012984 0.128775705303645
1.44894716995999 0.121359131228716
1.45642230500272 0.113935760704402
1.46389760306873 0.106505861520879
1.47137321144099 0.0990697018999177
1.47884927692497 0.0916275505058318
1.48632594589817 0.0841796764563961
1.49380336435926 0.0767263493337315
1.50128167797687 0.0692678391951725
1.50876103213791 0.0618044165841241
1.51624157199561 0.0543363525409179
1.52372344251734 0.0468639186136765
1.53120678853209 0.0393873868691935
1.53869175477785 0.0319070299038415
1.5461784859488 0.0244231208545145
1.55366712674244 0.0169359334096144
1.56115782190657 0.00944574182009227
1.56865071628637 0.00195282091055206
1.57614595487141 -0.00554255390957256
1.5836436828428 -0.0130401066347595
1.59114404562037 -0.0205395606520478
1.59864718891006 -0.0280406387295848
1.6061532587515 -0.0355430630050628
1.61366240156582 -0.0430465549740328
1.62117476420372 -0.0505508354780871
1.62869049399387 -0.0580556246928986
1.63620973879174 -0.0655606421161079
1.64373264702874 -0.0730656065550449
1.65125936776191 -0.0805702361142762
1.65879005072406 -0.0880742481829656
1.66632484637451 -0.0955773594220356
1.67386390595035 -0.103079285751119
1.68140738151849 -0.110579742335289
1.68895542602825 -0.118078443571551
1.6965081933648 -0.125575103075088
1.70406583840343 -0.133069433665248
1.71162851706454 -0.140561147351248
1.71919638636976 -0.148049955317597
1.72676960449879 -0.155535567909207
1.73434833084752 -0.163017694616194
1.74193272608706 -0.170496044058336
1.74952295222402 -0.177970323969183
1.75711917266197 -0.185440241179804
1.76472155226421 -0.192905501602142
1.77233025741793 -0.200365810211975
1.77994545609971 -0.207820871031443
1.78756731794262 -0.215270387111153
1.79519601430486 -0.222714060511809
1.80283171834011 -0.230151592285365
1.81047460506954 -0.237582682455683
1.81812485145578 -0.245007029998655
1.82578263647875 -0.252424332821787
1.83344814121354 -0.259834287743207
1.84112154891039 -0.267236590470074
1.84880304507696 -0.274630935576365
1.85649281756293 -0.282017016480015
1.86419105664702 -0.289394525419372
1.87189795512663 -0.296763153428944
1.87961370841016 -0.304122590314406
1.88733851461222 -0.311472524626838
1.89507257465174 -0.318812643636146
1.90281609235328 -0.326142633303652
1.91056927455157 -0.33346217825379
1.91833233119947 -0.3407709617449
1.92610547547961 -0.348068665639043
1.93388892391975 -0.355354970370828
1.9416828965121 -0.362629554915179
1.94948761683689 -0.369892096754018
1.95730331219023 -0.377142271841791
1.96513021371665 -0.384379754569803
1.97296855654633 -0.391604217729302
1.98081857993761 -0.398815332473246
1.98868052742463 -0.406012768276708
1.9965546469707 -0.413196192895836
2.00444119112753 -0.420365272325322
2.01234041720063 -0.42751967075429
2.02025258742131 -0.434659050520538
2.02817796912547 -0.441783072063053
2.03611683493964 -0.448891393872717
2.0440694629747 -0.455983672441114
2.05203613702758 -0.46305956220734
2.06001714679138 -0.470118715502736
2.06801278807454 -0.477160782493409
2.07602336302935 -0.484185411120463
2.0840491803904 -0.491192247037799
2.09209055572359 -0.498180933547375
2.10014781168622 -0.505151111531784
2.1082212782988 -0.512102419384019
2.11631129322931 -0.519034492934269
2.12441820209057 -0.525946965373595
2.13254235875155 -0.532839467174313
2.14068412566343 -0.539711626006908
2.14884387420124 -0.546563066653294
2.15702198502213 -0.553393410916201
2.1652188484412 -0.560202277524494
2.17343486482603 -0.56698928203418
2.18167044501109 -0.573754036724856
2.18992601073318 -0.580496150491343
2.19820199508943 -0.587215228730218
2.20649884301916 -0.593910873220941
2.21481701181126 -0.600582682001258
2.22315697163871 -0.607230249236529
2.23151920612211 -0.613853165082616
2.23990421292423 -0.620451015541913
2.24831250437754 -0.627023382312114
2.25674460814723 -0.633569842627231
2.26520106793209 -0.640089969090376
2.27368244420596 -0.646583329497771
2.28218931500267 -0.653049486653389
2.29072227674778 -0.659487998173624
2.29928194514034 -0.665898416281276
2.30786895608873 -0.672280287588155
2.3164839667044 -0.678633152865472
2.32512765635824 -0.68495654680117
2.3338007278043 -0.691249997743255
2.34250390837628 -0.69751302742809
2.35123795126269 -0.703745150692551
2.36000363686704 -0.709945875168828
2.36880177426011 -0.716114700960534
2.37763320273222 -0.72225112029868
2.38649879345377 -0.728354617175924
2.39539945125371 -0.734424666957348
2.40433611652624 -0.740460735965854
2.41330976727727 -0.746462281040071
2.4223214213233 -0.752428749062453
2.43137213865703 -0.758359576455014
2.44046302399523 -0.764254188639868
2.44959522952647 -0.770111999461448
2.45876995787817 -0.775932410566929
2.46798846532484 -0.781714810741005
2.47725206526182 -0.787458575190716
2.48656213197189 -0.793163064775551
2.49592010471572 -0.798827625177463
2.5053274921805 -0.804451586004812
2.51478587732624 -0.810034259823504
2.52429692267371 -0.815574941107754
2.53386237608449 -0.821072905101948
2.54348407709021 -0.826527406583952
2.55316396383601 -0.831937678518924
2.5629040807128 -0.837302930591212
2.57270658676366 -0.842622347600182
2.58257376496252 -0.847895087703771
2.59250803247831 -0.853120280491234
2.60251195205559 -0.858297024863729
2.61258824466369 -0.863424386698132
2.62273980359148 -0.868501396265573
2.63296971019488 -0.87352704537156
2.64328125154027 -0.878500284179056
2.6536779402302 -0.883420017669237
2.66416353675056 -0.888285101686692
2.67474207474233 -0.893094338506177
2.68541788967948 -0.89784647184623
2.69619565153118 -0.902540181240587
2.70708040210602 -0.907174075660554
2.71807759792511 -0.911746686259504
2.72919315965806 -0.916256458083174
2.74043352939226 -0.920701740554941
2.75180573730702 -0.925080776501523
2.76331747971087 -0.929391689428717
2.77497721090077 -0.93363246868494
2.78679425195668 -0.937800952056884
2.79877892044853 -0.941894805218974
2.81094268618583 -0.945911497295607
2.82329835969636 -0.949848271576726
2.83586032224869 -0.953702110130376
2.84864480918314 -0.957469690646773
2.86167026246736 -0.961147333276103
2.87495777433144 -0.964730934408427
2.8885316524917 -0.968215883165685
2.90242015033785 -0.971596954634735
2.91665642502568 -0.974868171239898
2.93127981694038 -0.978022619577577
2.94633759299972 -0.981052203537557
2.96188737757296 -0.98394730383314
2.97800063491905 -0.986696295760132
2.99476781952857 -0.989284844301556
3.01230629032724 -0.991694834137203
3.0307730556582 -0.993902668727379
3.050386543414 -0.995876405325329
3.07146674671625 -0.997570553364613
3.09451738757111 -0.998915618914596
3.12042167525751 -0.999793739441681
3.15104060474075 -0.999966385357636
3.1925212283568 -0.998704660751081
3.2540112899073 -0.993671471779212
3.30667658726959 -0.986370575925322
3.34645323466183 -0.979041509725695
3.37709209951958 -0.972339537543715
3.40194795567962 -0.966231763366463
3.42314394708357 -0.960551664033916
3.44195501762487 -0.955149188344873
3.45915441839035 -0.949913761361745
3.47522310308704 -0.944768600407628
3.4904685597535 -0.939661504911881
3.50509266743377 -0.934557314226578
3.519231398894 -0.929432493731388
3.53297868289671 -0.924271398644106
3.54640109754287 -0.91906372701292
3.55954710414404 -0.913802789649504
3.57245294955578 -0.908484336407577
3.58514649437962 -0.903105760620204
3.59764972904652 -0.897665560466213
3.60998044902416 -0.892162974785045
3.62215338520289 -0.886597737197083
3.63418097774747 -0.880969910328787
3.64607391434297 -0.875279774184042
3.65784151114945 -0.869527751055745
3.66949198757128 -0.863714355062664
3.68103266844436 -0.857840158265431
3.69247013591418 -0.851905767938609
3.70381034589911 -0.845911811349379
3.71505871919959 -0.839858925589606
3.72622021412615 -0.833747750813055
3.73729938540247 -0.827578925770333
3.74830043268188 -0.821353084896996
3.75922724105701 -0.815070856453579
3.77008341528758 -0.80873286137941
3.78087230901821 -0.802339712631554
3.79159704994036 -0.795892014853688
3.80226056162679 -0.78939036426923
3.81286558260351 -0.78283534872638
3.82341468310455 -0.776227547845368
3.83391027986549 -0.769567533233542
3.84435464924367 -0.762855868744473
3.85474993890131 -0.756093110764406
3.86509817824653 -0.749279808514447
3.87540128779542 -0.742416504360295
3.88566108759216 -0.735503734123789
3.8958793048035 -0.728542027392267
3.9060575805865 -0.721531907822941
3.91619747631469 -0.714473893440386
3.92630047923544 -0.707368496925865
3.93636800762215 -0.700216225897674
3.94640141547603 -0.693017583182024
3.95640199682548 -0.68577306707423
3.966370989665 -0.678483171590135
3.97630957957037 -0.671148386707844
3.9862189030226 -0.663769198599927
3.99610005046913 -0.656346089856314
4.0059540691477 -0.648879539698169
4.01578196569526 -0.641370024183022
4.02558470856189 -0.633818016401503
4.03536323024763 -0.626223986666004
4.04511842937795 -0.618588402691601
4.05485117263228 -0.61091172976958
4.06456229653824 -0.603194430933897
4.07425260914306 -0.595436967120896
4.08392289157254 -0.587639797322603
4.09357389948691 -0.579803378733911
4.10320636444192 -0.571928166893933
4.11282099516278 -0.56401461582183
4.122418478738 -0.556063178147377
4.13199948173917 -0.548074305236522
4.14156465127258 -0.540048447312204
4.15111461596774 -0.531986053570655
4.16064998690763 -0.523887572293424
4.17017135850488 -0.515753450955325
4.17967930932799 -0.507584136328538
4.18917440288104 -0.49938007458304
4.19865718834038 -0.491141711383557
4.20812820125112 -0.482869491983228
4.21758796418652 -0.474563861314131
4.22703698737254 -0.466225264074846
4.23647576928013 -0.457854144815201
4.24590479718744 -0.449450948018356
4.25532454771379 -0.441016118180347
4.2647354873275 -0.432550099887244
4.27413807282918 -0.424053337890029
4.28353275181209 -0.415526277177328
4.29291996310107 -0.406969363046106
4.3023001371714 -0.398383041170432
4.311673696549 -0.389767757668427
4.32104105619286 -0.381123959167481
4.33040262386122 -0.372452092867855
4.33975880046215 -0.363752606604734
4.34910998038977 -0.355025948908843
4.35845655184688 -0.346272569065692
4.36779889715488 -0.337492917173543
4.37713739305173 -0.328687444200167
4.38647241097887 -0.319856602038471
4.39580431735745 -0.311000843561072
4.40513347385492 -0.302120622673871
4.41446023764235 -0.293216394368715
4.42378496164304 -0.284288614775193
4.43310799477321 -0.27533774121164
4.44242968217498 -0.266364232235413
4.45175036544239 -0.257368547692479
4.4610703828407 -0.248351148766399
4.47039006951962 -0.239312498026745
4.47970975772075 -0.230253059477006
4.48902977697963 -0.221173298602051
4.49835045432288 -0.212073682415185
4.50767211446065 -0.202954679504859
4.51699507997487 -0.193816760081078
4.52631967150353 -0.184660396021567
4.53564620792129 -0.175486060917732
4.54497500651689 -0.166294230120478
4.55430638316741 -0.157085380785917
4.56364065250988 -0.147859991921027
4.57297812811041 -0.138618544429308
4.58231912263106 -0.129361521156473
4.59166394799488 -0.120089406936234
4.60101291554918 -0.110802688636223
4.6103663362274 -0.101501855204097
4.61972452070981 -0.0921873977138828
4.62908777958316 -0.0828598094125944
4.63845642349974 -0.0735195857671889
4.64783076333586 -0.0641672245119008
4.65721111035007 -0.0548032256960071
4.66659777634141 -0.0454280917320757
4.67599107380779 -0.0360423274447475
4.6853913161048 -0.0266464401201064
4.69479881760526 -0.0172409395556915
4.70421389385947 -0.00782633811120531
4.71363686175675 0.0015968492400225
4.72306803968822 0.0110281048587598
4.73250774771113 0.0204669083867239
4.74195630771515 0.0299127366924986
4.7514140435905 0.0393650638164544
4.76088128139863 0.0488233609146032
4.77035834954522 0.0582870962013216
4.77984557895622 0.0677557348908724
4.78934330325683 0.0772287391376487
4.79885185895392 0.0867055679750674
4.8083715856221 0.096185677253032
4.81790282609369 0.105668519573882
4.82744592665304 0.115153544226746
4.83700123723532 0.1246401971202
4.84656911163032 0.134127920713159
4.85614990769139 0.143616153943873
4.86574398755011 0.153104332156956
4.87535171783688 0.162591887028321
4.8849734699079 0.172078246487919
4.89460962007896 0.181562834640162
4.90426054986651 0.191045071681904
4.91392664623634 0.200524373817852
4.92360830186048 0.210000153173279
4.93330591538283 0.21947181770388
4.9430198916939 0.22893877110263
4.95275064221545 0.238400412703487
4.96249858519542 0.24785613738176
4.97226414601397 0.257305335450978
4.98204775750116 0.266747392556065
4.99184986026701 0.276181689562619
5.00167090304481 0.285607602442093
5.01151134304835 0.29502450215265
5.02137164634395 0.304431754515459
5.03125228823831 0.313828720086172
5.041153753683 0.323214754021333
5.05107653769679 0.332589205939419
5.06102114580675 0.34195141977622
5.07098809450951 0.351300733634238
5.08097791175376 0.360636479625764
5.09099113744548 0.369957983709259
5.10102832397728 0.379264565518673
5.11109003678352 0.388555538185259
5.12117685492274 0.397830208151463
5.13128937168931 0.407087874976398
5.14142819525627 0.416327831132413
5.15159394935129 0.425549361792189
5.16178727396826 0.434751744605799
5.17200882611669 0.4439342494671
5.18225928061169 0.453096138268773
5.1925393309074 0.462236664645302
5.20284968997682 0.471355073703107
5.21319109124145 0.480450601736982
5.22356428955441 0.489522475931945
5.23397006224083 0.498569914049516
5.24440921019987 0.507592124097359
5.25488255907303 0.516588303981148
5.26539096048364 0.525557641137424
5.27593529335331 0.534499312146078
5.2865164653011 0.543412482321015
5.29713541413215 0.552296305277407
5.30779310942291 0.561149922473797
5.31849055421084 0.569972462727178
5.32922878679736 0.578763041698986
5.34000888267338 0.587520761349761
5.3508319565781 0.596244709360003
5.36169916470246 0.604933958514551
5.37261170705006 0.613587566047498
5.38357082996964 0.622204572944412
5.39457782887471 0.630784003198262
5.40563405116765 0.639324863015119
5.41674089938748 0.647826139965263
5.42789983460265 0.656286802074864
5.43911238007281 0.664705796852906
5.4503801252061 0.673082050247407
5.46170472984179 0.681414465524329
5.47308792889165 0.68970192206183
5.4845315373777 0.697943274051624
5.4960374559085 0.706137349098251
5.50760767664173 0.714282946705944
5.51924428978709 0.722378836641488
5.53094949071051 0.730423757159988
5.5427255877094 0.738416413078793
5.55457501053808 0.746355473682848
5.56650031977384 0.754239570442469
5.57850421712743 0.762067294521944
5.59058955681715 0.769837194054242
5.60275935814375 0.777547771153568
5.61501681942516 0.785197478633252
5.62736533347503 0.792784716391527
5.63980850483974 0.800307827421856
5.65235016904434 0.807765093397496
5.6649944141412 0.815154729771689
5.6777456049076 0.822474880324878
5.69060841010129 0.829723611078344
5.70358783326012 0.836898903479189
5.71668924762568 0.843998646743848
5.72991843588678 0.851020629225814
5.74328163558109 0.857962528646608
5.75678559117193 0.86482190099618
5.77043761403984 0.871596167867944
5.78424565191044 0.878282601942182
5.79821836959812 0.884878310266575
5.81236524340394 0.891380214899717
5.82669667209979 0.897785030376974
5.84122410820463 0.904089237319912
5.85596021427871 0.910289051329551
5.8709190503201 0.916380386064163
5.88611630017699 0.92235880908161
5.90156954738477 0.92821948859138
5.91729861428616 0.933957128664044
5.93332598313295 0.939565889612729
5.94967732476947 0.945039289080622
5.9663821705189 0.950370077665421
5.98347477773287 0.955550080405962
6.00099526193321 0.960569991687889
6.01899110334973 0.965419105316472
6.03751919133361 0.970084952297918
6.05664866190587 0.97455280380738
6.07646494069949 0.978804971259073
6.09707568395848 0.982819790124293
6.11861983732204 0.986570089831048
6.14128208572153 0.990020785236928
6.16531723981586 0.993124869437498
6.19109449897011 0.995816254051436
6.2191860730884 0.997995690508634
6.25057147214029 0.999499015958839
6.2872271200392 1.00000807810001
6.33488976573449 0.998659982690864
6.40088369577352 0.99304632028853
6.43957227687834 0.987741637501616
6.47404451433718 0.981769021305699
6.50454339237778 0.975511805513685
6.5321086068996 0.969075597232406
6.55871623118739 0.9621644231109
6.58419997898672 0.954906424361511
6.60857614796708 0.947383483250161
6.63194225621656 0.939643757554936
6.65442178654929 0.931713438588981
6.67613746668897 0.923605436186354
6.69720014472264 0.915325098889489
6.71770547482411 0.906873730789273
6.73773417822272 0.898250647047878
6.75735372184657 0.889454319864724
6.77662037932011 0.88048298204677
6.79558121594518 0.871334918518802
6.81427582385143 0.86200858496156
6.83273776699133 0.852502635279982
6.85099575332136 0.842815904531653
6.86907457233603 0.832947373057835
6.88699583990547 0.822896125385748
6.90477858895467 0.812661310541289
6.9224397386646 0.802242106583421
6.93999446874386 0.791637690145078
6.9574565198093 0.780847210763021
6.97483843630644 0.769869769342236
6.99215176469921 0.758704399962887
7.00940721675551 0.747350054248268
7.02661480551337 0.735805587586733
7.04378395979609 0.724069746594677
7.06092362183943 0.712141157298839
7.07804233160379 0.700018313594507
7.09514830059481 0.687699565597983
7.11224947745038 0.675183107556526
7.12935360712562 0.662466965007936
7.14646828518832 0.649548980896232
7.16360100850119 0.636426800350732
7.18075922339605 0.623097853823886
7.19795037232634 0.609559338258754
7.21518193990917 0.595808195919331
7.23246149923121 0.581841090465029
7.24979675929028 0.567654379782129
7.26719561447659 0.553244084997012
7.28466619706544 0.538605854983932
7.30221693380052 0.523734925537901
7.31985660780093 0.508626072202737
7.33759442723564 0.493273555514098
7.35544010249078 0.47767105712217
7.37340393392913 0.461811604877289
7.39149691283637 0.445687484465052
7.40973083880679 0.429290134524165
7.42811845770138 0.412610021312116
7.44667362549868 0.395636487816754
7.46541150497923 0.378357570623308
7.48434880442201 0.360759775654109
7.50350407062809 0.342827800826761
7.5228980530545 0.324544189300945
7.54255416232072 0.305888890634712
7.56249905594265 0.286838697766794
7.58276339867537 0.267366513487903
7.60338286742329 0.247440377892814
7.62439950681692 0.227022152783694
7.64586360140149 0.20606570011903
7.66783633347501 0.184514290085613
7.69039368165353 0.162296790992124
7.71363237021843 0.139321842929801
7.73767940442067 0.115468500923448
7.76270834065414 0.0905702376161557
7.78896945566864 0.0643852206286825
7.81685262033619 0.0365342412107714
7.84704404236354 0.00634562956022743
7.85398163397448 -0.00059213527936173
