1 119.975700195713 4.04451793348687 0.0851954141152858 123.60941890964 116.448801106119 120.400629084255 119.552271004985
1.15 116.930800290682 4.04451793348687 0.0851954141152858 120.472297748564 113.493411449292 117.407192838492 116.456340757828
1.3 113.963177829472 4.04451793348687 0.0851954141152858 117.414794542707 110.613027528383 114.488180294878 113.440582840436
1.45 111.070871564255 4.04451793348687 0.0851954141152858 114.434888643687 107.805745749932 111.641741109196 110.502921107049
1.6 108.251970022309 4.04451793348687 0.0851954141152858 111.530610685776 105.06971083236 108.86607094104 107.641333175857
1.75 105.504610242766 4.04451793348687 0.0851954141152858 108.700041284379 102.403114579842 106.159410310051 104.853849036726
1.9 102.826976545405 4.04451793348687 0.0851954141152858 105.94130976755 99.8041946873114 103.520043480592 102.138549694983
2.05 100.217299330712 4.04451793348687 0.0851954141152858 103.252592939694 97.2712335757755 100.946297374159 99.493565850316
2.2 97.6738539103747 4.04451793348687 0.0851954141152858 100.632113876656 94.802557257205 98.4365405088194 96.9170766098843
2.35 95.1949593674756 4.04451793348687 0.0851954141152858 98.0781407513796 92.3965342282232 95.989181965033 94.40730823476
2.5 92.7789774455984 4.04451793348687 0.0851954141152858 95.5889856893772 90.0515743918753 93.6026703771725 91.9625329188273
2.65 90.424311466137 4.04451793348687 0.0851954141152858 93.1630036532421 87.7661280067627 91.2754929501248 89.5810675993042
2.8 88.1294052730784 4.04451793348687 0.0851954141152858 90.7985913554738 85.538684662846 89.0061745003384 87.2612727980682
2.95 85.8927422045683 4.04451793348687 0.0851954141152858 88.4941861988948 83.3677722832437 86.7932765207143 85.0015514929855
3.1 83.7128440905764 4.04451793348687 0.0851954141152858 86.2482652439581 81.2519561513624 84.6353962687447 82.8003480184697
3.25 81.5882702760005 4.04451793348687 0.0851954141152858 84.0593442022641 79.1898379627189 82.531165877323 80.6561469945106
3.4 79.5176166685638 4.04451793348687 0.0851954141152858 81.9259764556215 77.1800549008262 80.4792514876618 78.5674722834376
3.55 77.4995148108761 4.04451793348687 0.0851954141152858 79.8467521000035 75.2212787365329 78.478352403767 76.5328859736983
3.7 75.5326309760447 4.04451793348687 0.0851954141152858 77.8202970137679 73.3122149502203 76.5272002679356 74.5509873899539
3.85 73.6156652862385 4.04451793348687 0.0851954141152858 75.8452719495247 71.4516018762782 74.6245582567506 72.6204121288082
4 71.7473508536228 4.04451793348687 0.0851954141152858 73.9203716490523 69.6382098692931 72.769220297067 70.7398311195087
4.15 69.9264529430959 4.04451793348687 0.0851954141152858 72.0443239806757 67.8708404913974 70.9600103014887 68.9079497089703
4.3 68.1517681562747 4.04451793348687 0.0851954141152858 70.215889098538 66.148325720244 69.1957814228543 67.1235067704945
4.45 66.4221236361912 4.04451793348687 0.0851954141152858 68.4338586232084 64.4695271770812 67.4754153272576 65.3852738355688
4.6 64.7363762921721 4.04451793348687 0.0851954141152858 66.6970548430866 62.8333353744193 65.7978214851426 63.6920542481486
4.75 63.0934120443911 4.04451793348687 0.0851954141152858 65.0043299360743 61.2386689827898 64.1619364800232 62.0426823408412
4.9 61.4921450875938 4.04451793348687 0.0851954141152858 63.3545652110005 59.6844741161151 62.5667233343906 60.4360226324215
5.05 59.9315171735087 4.04451793348687 0.0851954141152858 61.7466703682988 58.1697236352136 61.0111708523789 58.8709690461304
5.2 58.4104969114701 4.04451793348687 0.0851954141152858 60.179582779448 56.6934164689826 59.4942929787745 57.3464441482155
5.35 56.9280790867908 4.04451793348687 0.0851954141152858 58.6522667847008 55.2545769528085 58.0151281739621 55.8613984061905
5.5 55.4832839964335 4.04451793348687 0.0851954141152858 57.1637130086343 53.8522541837674 56.57273880441 54.4148094663031
5.65 54.0751568015439 4.04451793348687 0.0851954141152858 55.7129376930725 52.4855213921909 55.1662105483101 53.0056814497136
5.8 52.7027668964137 4.04451793348687 0.0851954141152858 54.2989820469386 51.153475329181 53.7946518159953 51.6330442668992
5.95 51.3652072934611 4.04451793348687 0.0851954141152858 52.9209116126068 49.855235669669 52.4571931847658 50.295952949813
6.1 50.0615940238191 4.04451793348687 0.0851954141152858 51.5778156483366 48.5899444306246 51.1529868477675 48.9934870013373
6.25 48.7910655531359 4.04451793348687 0.0851954141152858 50.2688065263802 47.356765404031 49.8812060765725 47.7247497615837
6.4 47.5527822122033 4.04451793348687 0.0851954141152858 48.9930191463651 46.1548836042494 48.6410446971207 46.4888677906026
6.55 46.3459256420339 4.04451793348687 0.0851954141152858 47.7496103635651 44.9835047294104 47.4317165786917 45.2849902670797
6.7 45.1696982530229 4.04451793348687 0.0851954141152858 46.5377584316816 43.8418546364743 46.2524551355804 44.1122884026022
6.85000000000001 44.0233226978353 4.04451793348687 0.0851954141152858 45.3566624597656 42.7291788296134 45.1025128411636 42.969954871094
7.00000000000001 42.9060413576714 4.04451793348687 0.0851954141152858 44.2055418829242 41.6447419615803 43.9811607540474 41.8572032530269
7.15000000000001 41.8171158415703 4.04451793348687 0.0851954141152858 43.083635946459 40.5878273477295 42.8876880559956 40.7732674940227
7.30000000000001 40.7558264984206 4.04451793348687 0.0851954141152858 41.9902032030974 39.5577364923739 41.8214016013463 39.7174013774777
7.45000000000001 39.7214719413557 4.04451793348687 0.0851954141152858 40.9245210229829 38.5537886271615 40.7816254776313 38.6888780108417
7.60000000000001 38.7133685842209 4.04451793348687 0.0851954141152858 39.8858851161033 37.5753202611682 39.767700577119 37.6869893252027
7.75000000000001 37.7308501898026 4.04451793348687 0.0851954141152858 38.873609066837 36.6216847424083 38.7789841790104 36.7110455878284
7.90000000000001 36.773267429525 4.04451793348687 0.0851954141152858 37.8870238803141 35.6922518304743 37.814849542022 35.7603749273323
8.05000000000001 35.8399874543203 4.04451793348687 0.0851954141152858 36.9254775402897 34.7864072800225 36.8746855070987 34.8343228711351
8.20000000000001 34.9303934763904 4.04451793348687 0.0851954141152858 35.988334578238 33.9035524348288 35.9578961100033 33.932251894905
8.35000000000001 34.0438843615827 4.04451793348687 0.0851954141152858 35.074975653383 33.0431038321484 35.0639002035389 33.053540983665
8.50000000000001 33.1798742321118 4.04451793348687 0.0851954141152858 34.1847971433872 32.2044928171154 34.1921310891629 32.1975852042661
8.65000000000001 32.3377920793637 4.04451793348687 0.0851954141152858 33.3172107454284 31.3871651669294 33.3420361577606 31.3637952889315
8.80000000000001 31.5170813865257 4.04451793348687 0.0851954141152858 32.4716430874014 30.5905807245793 32.5130765393492 30.5515972295855
8.95000000000001 30.7171997607954 4.04451793348687 0.0851954141152858 31.6475353489867 29.814213041864 31.7047267614917 29.7604318826881
9.10000000000001 29.937618574923 4.04451793348687 0.0851954141152858 30.8443428923361 29.0575490314716 30.9164744162033 28.9897545843017
9.25000000000001 29.1778226178507 4.04451793348687 0.0851954141152858 30.0615349021314 28.3200886278897 30.1478198351388 28.2390347751275
9.40000000000001 28.4373097542195 4.04451793348687 0.0851954141152858 29.2985940347787 27.6013444569214 29.3982757728558 27.5077556352507
9.55000000000001 27.7155905925168 4.04451793348687 0.0851954141152858 28.5550160765047 26.9008415135879 28.6673670979533 26.7954137283451
9.70000000000001 27.0121881616466 4.04451793348687 0.0851954141152858 27.8303096101314 26.218116848207 27.9546304918883 26.1015186550912
9.85000000000001 26.326637595708 4.04451793348687 0.0851954141152858 27.1239956903075 25.5527192604375 27.2596141552812 25.4255927155692
10 25.6584858267733 4.04451793348687 0.0851954141152858 26.4356075269816 24.9042090010895 26.581877521523 24.7671705803949
10.15 25.0072912854643 4.04451793348687 0.0851954141152858 25.7646901769097 24.272157481502 25.9209909775027 24.1257989703721
10.3 24.3726236091268 4.04451793348687 0.0851954141152858 25.1108002429911 23.6561469902963 25.2765355912783 23.5010363444401
10.45 23.7540633574116 4.04451793348687 0.0851954141152858 24.4735055812355 23.0557704173183 24.6481028465183 22.8924525957026
10.6 23.1512017350741 4.04451793348687 0.0851954141152858 23.8523850151667 22.4706309845867 24.0352943835457 22.2996287553283
10.75 22.5636403218089 4.04451793348687 0.0851954141152858 23.2470280574748 21.9003419840697 23.4377217468202 21.7221567041188
10.9 21.9909908089414 4.04451793348687 0.0851954141152858 22.6570346387327 21.3445265221166 22.8550061386987 21.1596388915466
11.05 21.432874742801 4.04451793348687 0.0851954141152858 22.0820148429973 20.8028172703757 22.2867781793179 20.6116880620677
11.2 20.8889232746085 4.04451793348687 0.0851954141152858 21.5215886501213 20.2748562230336 21.7326776724462 20.077926988523
11.35 20.3587769167103 4.04451793348687 0.0851954141152858 20.9753856846044 19.7602944602156 21.1923533771582 19.5579882124424
11.5 19.8420853049997 4.04451793348687 0.0851954141152858 20.4430449708195 19.2587919173913 20.6654627851846 19.0515137910747
11.65 19.3385069673677 4.04451793348687 0.0851954141152858 19.9242146944499 18.7700171606313 20.1516719037985 18.558155050968
11.8 18.8477090980298 4.04451793348687 0.0851954141152858 19.4185519699818 18.2936471675694 19.6506550440997 18.0775723479315
11.95 18.3693673375816 4.04451793348687 0.0851954141152858 18.9257226140974 17.8293671139225 19.1620946145622 17.6094348332137
12.1 17.9031655586344 4.04451793348687 0.0851954141152858 18.4454009248196 17.376870165429 18.6856809197149 17.1534202257353
12.25 17.4487956568935 4.04451793348687 0.0851954141152858 17.9772694662608 16.9358572750676 18.2211119638276 16.7092145902201
12.4 17.0059573475366 4.04451793348687 0.0851954141152858 17.5210188588359 16.5060369854228 17.768093259478 16.2765121210722
12.55 16.5743579667621 4.04451793348687 0.0851954141152858 17.0763475747985 16.0871252360656 17.3263376408774 15.855014931849
12.7 16.1537122783718 4.04451793348687 0.0851954141152858 16.6429617389672 15.6788451758234 16.8955650818384 15.444432850187
12.85 15.7437422852643 4.04451793348687 0.0851954141152858 16.2205749345081 15.2809269798139 16.475502518268 15.0444832180375
13 15.3441770457114 4.04451793348687 0.0851954141152858 15.8089080136479 14.893107671123 16.0658836750739 14.6548906970755
13.15 14.9547524942977 4.04451793348687 0.0851954141152858 15.4076889131895 14.5151309470077 15.6664488973741 14.2753870791478
13.3 14.5752112674046 4.04451793348687 0.0851954141152858 15.0166524747109 14.1467470095108 15.2769449859039 13.9057111016302
13.45 14.2053025331232 4.04451793348687 0.0851954141152858 14.6355402693265 13.7877124003734 14.8971250365137 13.5456082675655
13.6 13.8447818254843 4.04451793348687 0.0851954141152858 14.2641004268964 13.4377898401383 14.5267482836584 13.1948306704595
13.75 13.4934108828949 4.04451793348687 0.0851954141152858 13.9020874695696 13.0967480713359 14.1655799477774 12.8531368236141
13.9 13.150957490676 4.04451793348687 0.0851954141152858 13.5492621495526 12.7643617056504 13.8133910864696 12.5202914938803
14.05 12.8171953275955 4.04451793348687 0.0851954141152858 13.2053912909945 12.4404110749652 13.4699584493677 12.1960655397158
14.2 12.4919038162971 4.04451793348687 0.0851954141152858 12.8702476358856 12.1246820861874 13.1350643366215 11.8802357534364
14.35 12.1748679775244 4.04451793348687 0.0851954141152858 12.5436096938665 11.8169660797583 12.8084964608992 11.572584707553
14.5 11.8658782880452 4.04451793348687 0.0851954141152858 12.2252615958493 11.5170596917538 12.4900478128198 11.272900605087
14.65 11.5647305421814 4.04451793348687 0.0851954141152858 11.9149929513534 11.2247647194849 12.1795165297313 10.9809771337626
14.8 11.271225716853 4.04451793348687 0.0851954141152858 11.6125987094625 10.939887990509 11.8767057677505 10.6966133239748
14.95 10.9851698400476 4.04451793348687 0.0851954141152858 11.31787902331 10.6622412349659 11.5814235769858 10.4196134104353
