-4 -2
-4 -1.9
-4 -1.8
-4 -1.7
-4 -1.6
-4 -1.5
-4 -1.4
-4 -1.3
-4 -1.2
-4 -1.1
-4 -0.999999999999999
-4 -0.899999999999999
-4 -0.799999999999999
-4 -0.699999999999999
-4 -0.599999999999999
-4 -0.499999999999999
-4 -0.399999999999999
-4 -0.299999999999999
-4 -0.199999999999999
-4 -0.0999999999999994
-4 6.38378239159465E-16
-4 0.100000000000001
-4 0.200000000000001
-4 0.300000000000001
-4 0.400000000000001
-4 0.500000000000001
-4 0.600000000000001
-4 0.700000000000001
-4 0.800000000000001
-4 0.900000000000001
-4 1
-4 1.1
-4 1.2
-4 1.3
-4 1.4
-4 1.5
-4 1.6
-4 1.7
-4 1.8
-4 1.9
-3.9 -2
-3.9 -1.9
-3.9 -1.8
-3.9 -1.7
-3.9 -1.6
-3.9 -1.5
-3.9 -1.4
-3.9 -1.3
-3.9 -1.2
-3.9 -1.1
-3.9 -0.999999999999999
-3.9 -0.899999999999999
-3.9 -0.799999999999999
-3.9 -0.699999999999999
-3.9 -0.599999999999999
-3.9 -0.499999999999999
-3.9 -0.399999999999999
-3.9 -0.299999999999999
-3.9 -0.199999999999999
-3.9 -0.0999999999999994
-3.9 6.38378239159465E-16
-3.9 0.100000000000001
-3.9 0.200000000000001
-3.9 0.300000000000001
-3.9 0.400000000000001
-3.9 0.500000000000001
-3.9 0.600000000000001
-3.9 0.700000000000001
-3.9 0.800000000000001
-3.9 0.900000000000001
-3.9 1
-3.9 1.1
-3.9 1.2
-3.9 1.3
-3.9 1.4
-3.9 1.5
-3.9 1.6
-3.9 1.7
-3.9 1.8
-3.9 1.9
-3.8 -2
-3.8 -1.9
-3.8 -1.8
-3.8 -1.7
-3.8 -1.6
-3.8 -1.5
-3.8 -1.4
-3.8 -1.3
-3.8 -1.2
-3.8 -1.1
-3.8 -0.999999999999999
-3.8 -0.899999999999999
-3.8 -0.799999999999999
-3.8 -0.699999999999999
-3.8 -0.599999999999999
-3.8 -0.499999999999999
-3.8 -0.399999999999999
-3.8 -0.299999999999999
-3.8 -0.199999999999999
-3.8 -0.0999999999999994
-3.8 6.38378239159465E-16
-3.8 0.100000000000001
-3.8 0.200000000000001
-3.8 0.300000000000001
-3.8 0.400000000000001
-3.8 0.500000000000001
-3.8 0.600000000000001
-3.8 0.700000000000001
-3.8 0.800000000000001
-3.8 0.900000000000001
-3.8 1
-3.8 1.1
-3.8 1.2
-3.8 1.3
-3.8 1.4
-3.8 1.5
-3.8 1.6
-3.8 1.7
-3.8 1.8
-3.8 1.9
-3.7 -2
-3.7 -1.9
-3.7 -1.8
-3.7 -1.7
-3.7 -1.6
-3.7 -1.5
-3.7 -1.4
-3.7 -1.3
-3.7 -1.2
-3.7 -1.1
-3.7 -0.999999999999999
-3.7 -0.899999999999999
-3.7 -0.799999999999999
-3.7 -0.699999999999999
-3.7 -0.599999999999999
-3.7 -0.499999999999999
-3.7 -0.399999999999999
-3.7 -0.299999999999999
-3.7 -0.199999999999999
-3.7 -0.0999999999999994
-3.7 6.38378239159465E-16
-3.7 0.100000000000001
-3.7 0.200000000000001
-3.7 0.300000000000001
-3.7 0.400000000000001
-3.7 0.500000000000001
-3.7 0.600000000000001
-3.7 0.700000000000001
-3.7 0.800000000000001
-3.7 0.900000000000001
-3.7 1
-3.7 1.1
-3.7 1.2
-3.7 1.3
-3.7 1.4
-3.7 1.5
-3.7 1.6
-3.7 1.7
-3.7 1.8
-3.7 1.9
-3.6 -2
-3.6 -1.9
-3.6 -1.8
-3.6 -1.7
-3.6 -1.6
-3.6 -1.5
-3.6 -1.4
-3.6 -1.3
-3.6 -1.2
-3.6 -1.1
-3.6 -0.999999999999999
-3.6 -0.899999999999999
-3.6 -0.799999999999999
-3.6 -0.699999999999999
-3.6 -0.599999999999999
-3.6 -0.499999999999999
-3.6 -0.399999999999999
-3.6 -0.299999999999999
-3.6 -0.199999999999999
-3.6 -0.0999999999999994
-3.6 6.38378239159465E-16
-3.6 0.100000000000001
-3.6 0.200000000000001
-3.6 0.300000000000001
-3.6 0.400000000000001
-3.6 0.500000000000001
-3.6 0.600000000000001
-3.6 0.700000000000001
-3.6 0.800000000000001
-3.6 0.900000000000001
-3.6 1
-3.6 1.1
-3.6 1.2
-3.6 1.3
-3.6 1.4
-3.6 1.5
-3.6 1.6
-3.6 1.7
-3.6 1.8
-3.6 1.9
-3.5 -2
-3.5 -1.9
-3.5 -1.8
-3.5 -1.7
-3.5 -1.6
-3.5 -1.5
-3.5 -1.4
-3.5 -1.3
-3.5 -1.2
-3.5 -1.1
-3.5 -0.999999999999999
-3.5 -0.899999999999999
-3.5 -0.799999999999999
-3.5 -0.699999999999999
-3.5 -0.599999999999999
-3.5 -0.499999999999999
-3.5 -0.399999999999999
-3.5 -0.299999999999999
-3.5 -0.199999999999999
-3.5 -0.0999999999999994
-3.5 6.38378239159465E-16
-3.5 0.100000000000001
-3.5 0.200000000000001
-3.5 0.300000000000001
-3.5 0.400000000000001
-3.5 0.500000000000001
-3.5 0.600000000000001
-3.5 0.700000000000001
-3.5 0.800000000000001
-3.5 0.900000000000001
-3.5 1
-3.5 1.1
-3.5 1.2
-3.5 1.3
-3.5 1.4
-3.5 1.5
-3.5 1.6
-3.5 1.7
-3.5 1.8
-3.5 1.9
-3.4 -2
-3.4 -1.9
-3.4 -1.8
-3.4 -1.7
-3.4 -1.6
-3.4 -1.5
-3.4 -1.4
-3.4 -1.3
-3.4 -1.2
-3.4 -1.1
-3.4 -0.999999999999999
-3.4 -0.899999999999999
-3.4 -0.799999999999999
-3.4 -0.699999999999999
-3.4 -0.599999999999999
-3.4 -0.499999999999999
-3.4 -0.399999999999999
-3.4 -0.299999999999999
-3.4 -0.199999999999999
-3.4 -0.0999999999999994
-3.4 6.38378239159465E-16
-3.4 0.100000000000001
-3.4 0.200000000000001
-3.4 0.300000000000001
-3.4 0.400000000000001
-3.4 0.500000000000001
-3.4 0.600000000000001
-3.4 0.700000000000001
-3.4 0.800000000000001
-3.4 0.900000000000001
-3.4 1
-3.4 1.1
-3.4 1.2
-3.4 1.3
-3.4 1.4
-3.4 1.5
-3.4 1.6
-3.4 1.7
-3.4 1.8
-3.4 1.9
-3.3 -2
-3.3 -1.9
-3.3 -1.8
-3.3 -1.7
-3.3 -1.6
-3.3 -1.5
-3.3 -1.4
-3.3 -1.3
-3.3 -1.2
-3.3 -1.1
-3.3 -0.999999999999999
-3.3 -0.899999999999999
-3.3 -0.799999999999999
-3.3 -0.699999999999999
-3.3 -0.599999999999999
-3.3 -0.499999999999999
-3.3 -0.399999999999999
-3.3 -0.299999999999999
-3.3 -0.199999999999999
-3.3 -0.0999999999999994
-3.3 6.38378239159465E-16
-3.3 0.100000000000001
-3.3 0.200000000000001
-3.3 0.300000000000001
-3.3 0.400000000000001
-3.3 0.500000000000001
-3.3 0.600000000000001
-3.3 0.700000000000001
-3.3 0.800000000000001
-3.3 0.900000000000001
-3.3 1
-3.3 1.1
-3.3 1.2
-3.3 1.3
-3.3 1.4
-3.3 1.5
-3.3 1.6
-3.3 1.7
-3.3 1.8
-3.3 1.9
-3.2 -2
-3.2 -1.9
-3.2 -1.8
-3.2 -1.7
-3.2 -1.6
-3.2 -1.5
-3.2 -1.4
-3.2 -1.3
-3.2 -1.2
-3.2 -1.1
-3.2 -0.999999999999999
-3.2 -0.899999999999999
-3.2 -0.799999999999999
-3.2 -0.699999999999999
-3.2 -0.599999999999999
-3.2 -0.499999999999999
-3.2 -0.399999999999999
-3.2 -0.299999999999999
-3.2 -0.199999999999999
-3.2 -0.0999999999999994
-3.2 6.38378239159465E-16
-3.2 0.100000000000001
-3.2 0.200000000000001
-3.2 0.300000000000001
-3.2 0.400000000000001
-3.2 0.500000000000001
-3.2 0.600000000000001
-3.2 0.700000000000001
-3.2 0.800000000000001
-3.2 0.900000000000001
-3.2 1
-3.2 1.1
-3.2 1.2
-3.2 1.3
-3.2 1.4
-3.2 1.5
-3.2 1.6
-3.2 1.7
-3.2 1.8
-3.2 1.9
-3.1 -2
-3.1 -1.9
-3.1 -1.8
-3.1 -1.7
-3.1 -1.6
-3.1 -1.5
-3.1 -1.4
-3.1 -1.3
-3.1 -1.2
-3.1 -1.1
-3.1 -0.999999999999999
-3.1 -0.899999999999999
-3.1 -0.799999999999999
-3.1 -0.699999999999999
-3.1 -0.599999999999999
-3.1 -0.499999999999999
-3.1 -0.399999999999999
-3.1 -0.299999999999999
-3.1 -0.199999999999999
-3.1 -0.0999999999999994
-3.1 6.38378239159465E-16
-3.1 0.100000000000001
-3.1 0.200000000000001
-3.1 0.300000000000001
-3.1 0.400000000000001
-3.1 0.500000000000001
-3.1 0.600000000000001
-3.1 0.700000000000001
-3.1 0.800000000000001
-3.1 0.900000000000001
-3.1 1
-3.1 1.1
-3.1 1.2
-3.1 1.3
-3.1 1.4
-3.1 1.5
-3.1 1.6
-3.1 1.7
-3.1 1.8
-3.1 1.9
-3 -2
-3 -1.9
-3 -1.8
-3 -1.7
-3 -1.6
-3 -1.5
-3 -1.4
-3 -1.3
-3 -1.2
-3 -1.1
-3 -0.999999999999999
-3 -0.899999999999999
-3 -0.799999999999999
-3 -0.699999999999999
-3 -0.599999999999999
-3 -0.499999999999999
-3 -0.399999999999999
-3 -0.299999999999999
-3 -0.199999999999999
-3 -0.0999999999999994
-3 6.38378239159465E-16
-3 0.100000000000001
-3 0.200000000000001
-3 0.300000000000001
-3 0.400000000000001
-3 0.500000000000001
-3 0.600000000000001
-3 0.700000000000001
-3 0.800000000000001
-3 0.900000000000001
-3 1
-3 1.1
-3 1.2
-3 1.3
-3 1.4
-3 1.5
-3 1.6
-3 1.7
-3 1.8
-3 1.9
-2.9 -2
-2.9 -1.9
-2.9 -1.8
-2.9 -1.7
-2.9 -1.6
-2.9 -1.5
-2.9 -1.4
-2.9 -1.3
-2.9 -1.2
-2.9 -1.1
-2.9 -0.999999999999999
-2.9 -0.899999999999999
-2.9 -0.799999999999999
-2.9 -0.699999999999999
-2.9 -0.599999999999999
-2.9 -0.499999999999999
-2.9 -0.399999999999999
-2.9 -0.299999999999999
-2.9 -0.199999999999999
-2.9 -0.0999999999999994
-2.9 6.38378239159465E-16
-2.9 0.100000000000001
-2.9 0.200000000000001
-2.9 0.300000000000001
-2.9 0.400000000000001
-2.9 0.500000000000001
-2.9 0.600000000000001
-2.9 0.700000000000001
-2.9 0.800000000000001
-2.9 0.900000000000001
-2.9 1
-2.9 1.1
-2.9 1.2
-2.9 1.3
-2.9 1.4
-2.9 1.5
-2.9 1.6
-2.9 1.7
-2.9 1.8
-2.9 1.9
-2.8 -2
-2.8 -1.9
-2.8 -1.8
-2.8 -1.7
-2.8 -1.6
-2.8 -1.5
-2.8 -1.4
-2.8 -1.3
-2.8 -1.2
-2.8 -1.1
-2.8 -0.999999999999999
-2.8 -0.899999999999999
-2.8 -0.799999999999999
-2.8 -0.699999999999999
-2.8 -0.599999999999999
-2.8 -0.499999999999999
-2.8 -0.399999999999999
-2.8 -0.299999999999999
-2.8 -0.199999999999999
-2.8 -0.0999999999999994
-2.8 6.38378239159465E-16
-2.8 0.100000000000001
-2.8 0.200000000000001
-2.8 0.300000000000001
-2.8 0.400000000000001
-2.8 0.500000000000001
-2.8 0.600000000000001
-2.8 0.700000000000001
-2.8 0.800000000000001
-2.8 0.900000000000001
-2.8 1
-2.8 1.1
-2.8 1.2
-2.8 1.3
-2.8 1.4
-2.8 1.5
-2.8 1.6
-2.8 1.7
-2.8 1.8
-2.8 1.9
-2.7 -2
-2.7 -1.9
-2.7 -1.8
-2.7 -1.7
-2.7 -1.6
-2.7 -1.5
-2.7 -1.4
-2.7 -1.3
-2.7 -1.2
-2.7 -1.1
-2.7 -0.999999999999999
-2.7 -0.899999999999999
-2.7 -0.799999999999999
-2.7 -0.699999999999999
-2.7 -0.599999999999999
-2.7 -0.499999999999999
-2.7 -0.399999999999999
-2.7 -0.299999999999999
-2.7 -0.199999999999999
-2.7 -0.0999999999999994
-2.7 6.38378239159465E-16
-2.7 0.100000000000001
-2.7 0.200000000000001
-2.7 0.300000000000001
-2.7 0.400000000000001
-2.7 0.500000000000001
-2.7 0.600000000000001
-2.7 0.700000000000001
-2.7 0.800000000000001
-2.7 0.900000000000001
-2.7 1
-2.7 1.1
-2.7 1.2
-2.7 1.3
-2.7 1.4
-2.7 1.5
-2.7 1.6
-2.7 1.7
-2.7 1.8
-2.7 1.9
-2.6 -2
-2.6 -1.9
-2.6 -1.8
-2.6 -1.7
-2.6 -1.6
-2.6 -1.5
-2.6 -1.4
-2.6 -1.3
-2.6 -1.2
-2.6 -1.1
-2.6 -0.999999999999999
-2.6 -0.899999999999999
-2.6 -0.799999999999999
-2.6 -0.699999999999999
-2.6 -0.599999999999999
-2.6 -0.499999999999999
-2.6 -0.399999999999999
-2.6 -0.299999999999999
-2.6 -0.199999999999999
-2.6 -0.0999999999999994
-2.6 6.38378239159465E-16
-2.6 0.100000000000001
-2.6 0.200000000000001
-2.6 0.300000000000001
-2.6 0.400000000000001
-2.6 0.500000000000001
-2.6 0.600000000000001
-2.6 0.700000000000001
-2.6 0.800000000000001
-2.6 0.900000000000001
-2.6 1
-2.6 1.1
-2.6 1.2
-2.6 1.3
-2.6 1.4
-2.6 1.5
-2.6 1.6
-2.6 1.7
-2.6 1.8
-2.6 1.9
-2.5 -2
-2.5 -1.9
-2.5 -1.8
-2.5 -1.7
-2.5 -1.6
-2.5 -1.5
-2.5 -1.4
-2.5 -1.3
-2.5 -1.2
-2.5 -1.1
-2.5 -0.999999999999999
-2.5 -0.899999999999999
-2.5 -0.799999999999999
-2.5 -0.699999999999999
-2.5 -0.599999999999999
-2.5 -0.499999999999999
-2.5 -0.399999999999999
-2.5 -0.299999999999999
-2.5 -0.199999999999999
-2.5 -0.0999999999999994
-2.5 6.38378239159465E-16
-2.5 0.100000000000001
-2.5 0.200000000000001
-2.5 0.300000000000001
-2.5 0.400000000000001
-2.5 0.500000000000001
-2.5 0.600000000000001
-2.5 0.700000000000001
-2.5 0.800000000000001
-2.5 0.900000000000001
-2.5 1
-2.5 1.1
-2.5 1.2
-2.5 1.3
-2.5 1.4
-2.5 1.5
-2.5 1.6
-2.5 1.7
-2.5 1.8
-2.5 1.9
-2.4 -2
-2.4 -1.9
-2.4 -1.8
-2.4 -1.7
-2.4 -1.6
-2.4 -1.5
-2.4 -1.4
-2.4 -1.3
-2.4 -1.2
-2.4 -1.1
-2.4 -0.999999999999999
-2.4 -0.899999999999999
-2.4 -0.799999999999999
-2.4 -0.699999999999999
-2.4 -0.599999999999999
-2.4 -0.499999999999999
-2.4 -0.399999999999999
-2.4 -0.299999999999999
-2.4 -0.199999999999999
-2.4 -0.0999999999999994
-2.4 6.38378239159465E-16
-2.4 0.100000000000001
-2.4 0.200000000000001
-2.4 0.300000000000001
-2.4 0.400000000000001
-2.4 0.500000000000001
-2.4 0.600000000000001
-2.4 0.700000000000001
-2.4 0.800000000000001
-2.4 0.900000000000001
-2.4 1
-2.4 1.1
-2.4 1.2
-2.4 1.3
-2.4 1.4
-2.4 1.5
-2.4 1.6
-2.4 1.7
-2.4 1.8
-2.4 1.9
-2.3 -2
-2.3 -1.9
-2.3 -1.8
-2.3 -1.7
-2.3 -1.6
-2.3 -1.5
-2.3 -1.4
-2.3 -1.3
-2.3 -1.2
-2.3 -1.1
-2.3 -0.999999999999999
-2.3 -0.899999999999999
-2.3 -0.799999999999999
-2.3 -0.699999999999999
-2.3 -0.599999999999999
-2.3 -0.499999999999999
-2.3 -0.399999999999999
-2.3 -0.299999999999999
-2.3 -0.199999999999999
-2.3 -0.0999999999999994
-2.3 6.38378239159465E-16
-2.3 0.100000000000001
-2.3 0.200000000000001
-2.3 0.300000000000001
-2.3 0.400000000000001
-2.3 0.500000000000001
-2.3 0.600000000000001
-2.3 0.700000000000001
-2.3 0.800000000000001
-2.3 0.900000000000001
-2.3 1
-2.3 1.1
-2.3 1.2
-2.3 1.3
-2.3 1.4
-2.3 1.5
-2.3 1.6
-2.3 1.7
-2.3 1.8
-2.3 1.9
-2.2 -2
-2.2 -1.9
-2.2 -1.8
-2.2 -1.7
-2.2 -1.6
-2.2 -1.5
-2.2 -1.4
-2.2 -1.3
-2.2 -1.2
-2.2 -1.1
-2.2 -0.999999999999999
-2.2 -0.899999999999999
-2.2 -0.799999999999999
-2.2 -0.699999999999999
-2.2 -0.599999999999999
-2.2 -0.499999999999999
-2.2 -0.399999999999999
-2.2 -0.299999999999999
-2.2 -0.199999999999999
-2.2 -0.0999999999999994
-2.2 6.38378239159465E-16
-2.2 0.100000000000001
-2.2 0.200000000000001
-2.2 0.300000000000001
-2.2 0.400000000000001
-2.2 0.500000000000001
-2.2 0.600000000000001
-2.2 0.700000000000001
-2.2 0.800000000000001
-2.2 0.900000000000001
-2.2 1
-2.2 1.1
-2.2 1.2
-2.2 1.3
-2.2 1.4
-2.2 1.5
-2.2 1.6
-2.2 1.7
-2.2 1.8
-2.2 1.9
-2.1 -2
-2.1 -1.9
-2.1 -1.8
-2.1 -1.7
-2.1 -1.6
-2.1 -1.5
-2.1 -1.4
-2.1 -1.3
-2.1 -1.2
-2.1 -1.1
-2.1 -0.999999999999999
-2.1 -0.899999999999999
-2.1 -0.799999999999999
-2.1 -0.699999999999999
-2.1 -0.599999999999999
-2.1 -0.499999999999999
-2.1 -0.399999999999999
-2.1 -0.299999999999999
-2.1 -0.199999999999999
-2.1 -0.0999999999999994
-2.1 6.38378239159465E-16
-2.1 0.100000000000001
-2.1 0.200000000000001
-2.1 0.300000000000001
-2.1 0.400000000000001
-2.1 0.500000000000001
-2.1 0.600000000000001
-2.1 0.700000000000001
-2.1 0.800000000000001
-2.1 0.900000000000001
-2.1 1
-2.1 1.1
-2.1 1.2
-2.1 1.3
-2.1 1.4
-2.1 1.5
-2.1 1.6
-2.1 1.7
-2.1 1.8
-2.1 1.9
-2 -2
-2 -1.9
-2 -1.8
-2 -1.7
-2 -1.6
-2 -1.5
-2 -1.4
-2 -1.3
-2 -1.2
-2 -1.1
-2 -0.999999999999999
-2 -0.899999999999999
-2 -0.799999999999999
-2 -0.699999999999999
-2 -0.599999999999999
-2 -0.499999999999999
-2 -0.399999999999999
-2 -0.299999999999999
-2 -0.199999999999999
-2 -0.0999999999999994
-2 6.38378239159465E-16
-2 0.100000000000001
-2 0.200000000000001
-2 0.300000000000001
-2 0.400000000000001
-2 0.500000000000001
-2 0.600000000000001
-2 0.700000000000001
-2 0.800000000000001
-2 0.900000000000001
-2 1
-2 1.1
-2 1.2
-2 1.3
-2 1.4
-2 1.5
-2 1.6
-2 1.7
-2 1.8
-2 1.9
-1.9 -2
-1.9 -1.9
-1.9 -1.8
-1.9 -1.7
-1.9 -1.6
-1.9 -1.5
-1.9 -1.4
-1.9 -1.3
-1.9 -1.2
-1.9 -1.1
-1.9 -0.999999999999999
-1.9 -0.899999999999999
-1.9 -0.799999999999999
-1.9 -0.699999999999999
-1.9 -0.599999999999999
-1.9 -0.499999999999999
-1.9 -0.399999999999999
-1.9 -0.299999999999999
-1.9 -0.199999999999999
-1.9 -0.0999999999999994
-1.9 6.38378239159465E-16
-1.9 0.100000000000001
-1.9 0.200000000000001
-1.9 0.300000000000001
-1.9 0.400000000000001
-1.9 0.500000000000001
-1.9 0.600000000000001
-1.9 0.700000000000001
-1.9 0.800000000000001
-1.9 0.900000000000001
-1.9 1
-1.9 1.1
-1.9 1.2
-1.9 1.3
-1.9 1.4
-1.9 1.5
-1.9 1.6
-1.9 1.7
-1.9 1.8
-1.9 1.9
-1.8 -2
-1.8 -1.9
-1.8 -1.8
-1.8 -1.7
-1.8 -1.6
-1.8 -1.5
-1.8 -1.4
-1.8 -1.3
-1.8 -1.2
-1.8 -1.1
-1.8 -0.999999999999999
-1.8 -0.899999999999999
-1.8 -0.799999999999999
-1.8 -0.699999999999999
-1.8 -0.599999999999999
-1.8 -0.499999999999999
-1.8 -0.399999999999999
-1.8 -0.299999999999999
-1.8 -0.199999999999999
-1.8 -0.0999999999999994
-1.8 6.38378239159465E-16
-1.8 0.100000000000001
-1.8 0.200000000000001
-1.8 0.300000000000001
-1.8 0.400000000000001
-1.8 0.500000000000001
-1.8 0.600000000000001
-1.8 0.700000000000001
-1.8 0.800000000000001
-1.8 0.900000000000001
-1.8 1
-1.8 1.1
-1.8 1.2
-1.8 1.3
-1.8 1.4
-1.8 1.5
-1.8 1.6
-1.8 1.7
-1.8 1.8
-1.8 1.9
-1.7 -2
-1.7 -1.9
-1.7 -1.8
-1.7 -1.7
-1.7 -1.6
-1.7 -1.5
-1.7 -1.4
-1.7 -1.3
-1.7 -1.2
-1.7 -1.1
-1.7 -0.999999999999999
-1.7 -0.899999999999999
-1.7 -0.799999999999999
-1.7 -0.699999999999999
-1.7 -0.599999999999999
-1.7 -0.499999999999999
-1.7 -0.399999999999999
-1.7 -0.299999999999999
-1.7 -0.199999999999999
-1.7 -0.0999999999999994
-1.7 6.38378239159465E-16
-1.7 0.100000000000001
-1.7 0.200000000000001
-1.7 0.300000000000001
-1.7 0.400000000000001
-1.7 0.500000000000001
-1.7 0.600000000000001
-1.7 0.700000000000001
-1.7 0.800000000000001
-1.7 0.900000000000001
-1.7 1
-1.7 1.1
-1.7 1.2
-1.7 1.3
-1.7 1.4
-1.7 1.5
-1.7 1.6
-1.7 1.7
-1.7 1.8
-1.7 1.9
-1.6 -2
-1.6 -1.9
-1.6 -1.8
-1.6 -1.7
-1.6 -1.6
-1.6 -1.5
-1.6 -1.4
-1.6 -1.3
-1.6 -1.2
-1.6 -1.1
-1.6 -0.999999999999999
-1.6 -0.899999999999999
-1.6 -0.799999999999999
-1.6 -0.699999999999999
-1.6 -0.599999999999999
-1.6 -0.499999999999999
-1.6 -0.399999999999999
-1.6 -0.299999999999999
-1.6 -0.199999999999999
-1.6 -0.0999999999999994
-1.6 6.38378239159465E-16
-1.6 0.100000000000001
-1.6 0.200000000000001
-1.6 0.300000000000001
-1.6 0.400000000000001
-1.6 0.500000000000001
-1.6 0.600000000000001
-1.6 0.700000000000001
-1.6 0.800000000000001
-1.6 0.900000000000001
-1.6 1
-1.6 1.1
-1.6 1.2
-1.6 1.3
-1.6 1.4
-1.6 1.5
-1.6 1.6
-1.6 1.7
-1.6 1.8
-1.6 1.9
-1.5 -2
-1.5 -1.9
-1.5 -1.8
-1.5 -1.7
-1.5 -1.6
-1.5 -1.5
-1.5 -1.4
-1.5 -1.3
-1.5 -1.2
-1.5 -1.1
-1.5 -0.999999999999999
-1.5 -0.899999999999999
-1.5 -0.799999999999999
-1.5 -0.699999999999999
-1.5 -0.599999999999999
-1.5 -0.499999999999999
-1.5 -0.399999999999999
-1.5 -0.299999999999999
-1.5 -0.199999999999999
-1.5 -0.0999999999999994
-1.5 6.38378239159465E-16
-1.5 0.100000000000001
-1.5 0.200000000000001
-1.5 0.300000000000001
-1.5 0.400000000000001
-1.5 0.500000000000001
-1.5 0.600000000000001
-1.5 0.700000000000001
-1.5 0.800000000000001
-1.5 0.900000000000001
-1.5 1
-1.5 1.1
-1.5 1.2
-1.5 1.3
-1.5 1.4
-1.5 1.5
-1.5 1.6
-1.5 1.7
-1.5 1.8
-1.5 1.9
-1.4 -2
-1.4 -1.9
-1.4 -1.8
-1.4 -1.7
-1.4 -1.6
-1.4 -1.5
-1.4 -1.4
-1.4 -1.3
-1.4 -1.2
-1.4 -1.1
-1.4 -0.999999999999999
-1.4 -0.899999999999999
-1.4 -0.799999999999999
-1.4 -0.699999999999999
-1.4 -0.599999999999999
-1.4 -0.499999999999999
-1.4 -0.399999999999999
-1.4 -0.299999999999999
-1.4 -0.199999999999999
-1.4 -0.0999999999999994
-1.4 6.38378239159465E-16
-1.4 0.100000000000001
-1.4 0.200000000000001
-1.4 0.300000000000001
-1.4 0.400000000000001
-1.4 0.500000000000001
-1.4 0.600000000000001
-1.4 0.700000000000001
-1.4 0.800000000000001
-1.4 0.900000000000001
-1.4 1
-1.4 1.1
-1.4 1.2
-1.4 1.3
-1.4 1.4
-1.4 1.5
-1.4 1.6
-1.4 1.7
-1.4 1.8
-1.4 1.9
-1.3 -2
-1.3 -1.9
-1.3 -1.8
-1.3 -1.7
-1.3 -1.6
-1.3 -1.5
-1.3 -1.4
-1.3 -1.3
-1.3 -1.2
-1.3 -1.1
-1.3 -0.999999999999999
-1.3 -0.899999999999999
-1.3 -0.799999999999999
-1.3 -0.699999999999999
-1.3 -0.599999999999999
-1.3 -0.499999999999999
-1.3 -0.399999999999999
-1.3 -0.299999999999999
-1.3 -0.199999999999999
-1.3 -0.0999999999999994
-1.3 6.38378239159465E-16
-1.3 0.100000000000001
-1.3 0.200000000000001
-1.3 0.300000000000001
-1.3 0.400000000000001
-1.3 0.500000000000001
-1.3 0.600000000000001
-1.3 0.700000000000001
-1.3 0.800000000000001
-1.3 0.900000000000001
-1.3 1
-1.3 1.1
-1.3 1.2
-1.3 1.3
-1.3 1.4
-1.3 1.5
-1.3 1.6
-1.3 1.7
-1.3 1.8
-1.3 1.9
-1.2 -2
-1.2 -1.9
-1.2 -1.8
-1.2 -1.7
-1.2 -1.6
-1.2 -1.5
-1.2 -1.4
-1.2 -1.3
-1.2 -1.2
-1.2 -1.1
-1.2 -0.999999999999999
-1.2 -0.899999999999999
-1.2 -0.799999999999999
-1.2 -0.699999999999999
-1.2 -0.599999999999999
-1.2 -0.499999999999999
-1.2 -0.399999999999999
-1.2 -0.299999999999999
-1.2 -0.199999999999999
-1.2 -0.0999999999999994
-1.2 6.38378239159465E-16
-1.2 0.100000000000001
-1.2 0.200000000000001
-1.2 0.300000000000001
-1.2 0.400000000000001
-1.2 0.500000000000001
-1.2 0.600000000000001
-1.2 0.700000000000001
-1.2 0.800000000000001
-1.2 0.900000000000001
-1.2 1
-1.2 1.1
-1.2 1.2
-1.2 1.3
-1.2 1.4
-1.2 1.5
-1.2 1.6
-1.2 1.7
-1.2 1.8
-1.2 1.9
-1.1 -2
-1.1 -1.9
-1.1 -1.8
-1.1 -1.7
-1.1 -1.6
-1.1 -1.5
-1.1 -1.4
-1.1 -1.3
-1.1 -1.2
-1.1 -1.1
-1.1 -0.999999999999999
-1.1 -0.899999999999999
-1.1 -0.799999999999999
-1.1 -0.699999999999999
-1.1 -0.599999999999999
-1.1 -0.499999999999999
-1.1 -0.399999999999999
-1.1 -0.299999999999999
-1.1 -0.199999999999999
-1.1 -0.0999999999999994
-1.1 6.38378239159465E-16
-1.1 0.100000000000001
-1.1 0.200000000000001
-1.1 0.300000000000001
-1.1 0.400000000000001
-1.1 0.500000000000001
-1.1 0.600000000000001
-1.1 0.700000000000001
-1.1 0.800000000000001
-1.1 0.900000000000001
-1.1 1
-1.1 1.1
-1.1 1.2
-1.1 1.3
-1.1 1.4
-1.1 1.5
-1.1 1.6
-1.1 1.7
-1.1 1.8
-1.1 1.9
-0.999999999999997 -2
-0.999999999999997 -1.9
-0.999999999999997 -1.8
-0.999999999999997 -1.7
-0.999999999999997 -1.6
-0.999999999999997 -1.5
-0.999999999999997 -1.4
-0.999999999999997 -1.3
-0.999999999999997 -1.2
-0.999999999999997 -1.1
-0.999999999999997 -0.999999999999999
-0.999999999999997 -0.899999999999999
-0.999999999999997 -0.799999999999999
-0.999999999999997 -0.699999999999999
-0.999999999999997 -0.599999999999999
-0.999999999999997 -0.499999999999999
-0.999999999999997 -0.399999999999999
-0.999999999999997 -0.299999999999999
-0.999999999999997 -0.199999999999999
-0.999999999999997 -0.0999999999999994
-0.999999999999997 6.38378239159465E-16
-0.999999999999997 0.100000000000001
-0.999999999999997 0.200000000000001
-0.999999999999997 0.300000000000001
-0.999999999999997 0.400000000000001
-0.999999999999997 0.500000000000001
-0.999999999999997 0.600000000000001
-0.999999999999997 0.700000000000001
-0.999999999999997 0.800000000000001
-0.999999999999997 0.900000000000001
-0.999999999999997 1
-0.999999999999997 1.1
-0.999999999999997 1.2
-0.999999999999997 1.3
-0.999999999999997 1.4
-0.999999999999997 1.5
-0.999999999999997 1.6
-0.999999999999997 1.7
-0.999999999999997 1.8
-0.999999999999997 1.9
-0.899999999999997 -2
-0.899999999999997 -1.9
-0.899999999999997 -1.8
-0.899999999999997 -1.7
-0.899999999999997 -1.6
-0.899999999999997 -1.5
-0.899999999999997 -1.4
-0.899999999999997 -1.3
-0.899999999999997 -1.2
-0.899999999999997 -1.1
-0.899999999999997 -0.999999999999999
-0.899999999999997 -0.899999999999999
-0.899999999999997 -0.799999999999999
-0.899999999999997 -0.699999999999999
-0.899999999999997 -0.599999999999999
-0.899999999999997 -0.499999999999999
-0.899999999999997 -0.399999999999999
-0.899999999999997 -0.299999999999999
-0.899999999999997 -0.199999999999999
-0.899999999999997 -0.0999999999999994
-0.899999999999997 6.38378239159465E-16
-0.899999999999997 0.100000000000001
-0.899999999999997 0.200000000000001
-0.899999999999997 0.300000000000001
-0.899999999999997 0.400000000000001
-0.899999999999997 0.500000000000001
-0.899999999999997 0.600000000000001
-0.899999999999997 0.700000000000001
-0.899999999999997 0.800000000000001
-0.899999999999997 0.900000000000001
-0.899999999999997 1
-0.899999999999997 1.1
-0.899999999999997 1.2
-0.899999999999997 1.3
-0.899999999999997 1.4
-0.899999999999997 1.5
-0.899999999999997 1.6
-0.899999999999997 1.7
-0.899999999999997 1.8
-0.899999999999997 1.9
-0.799999999999997 -2
-0.799999999999997 -1.9
-0.799999999999997 -1.8
-0.799999999999997 -1.7
-0.799999999999997 -1.6
-0.799999999999997 -1.5
-0.799999999999997 -1.4
-0.799999999999997 -1.3
-0.799999999999997 -1.2
-0.799999999999997 -1.1
-0.799999999999997 -0.999999999999999
-0.799999999999997 -0.899999999999999
-0.799999999999997 -0.799999999999999
-0.799999999999997 -0.699999999999999
-0.799999999999997 -0.599999999999999
-0.799999999999997 -0.499999999999999
-0.799999999999997 -0.399999999999999
-0.799999999999997 -0.299999999999999
-0.799999999999997 -0.199999999999999
-0.799999999999997 -0.0999999999999994
-0.799999999999997 6.38378239159465E-16
-0.799999999999997 0.100000000000001
-0.799999999999997 0.200000000000001
-0.799999999999997 0.300000000000001
-0.799999999999997 0.400000000000001
-0.799999999999997 0.500000000000001
-0.799999999999997 0.600000000000001
-0.799999999999997 0.700000000000001
-0.799999999999997 0.800000000000001
-0.799999999999997 0.900000000000001
-0.799999999999997 1
-0.799999999999997 1.1
-0.799999999999997 1.2
-0.799999999999997 1.3
-0.799999999999997 1.4
-0.799999999999997 1.5
-0.799999999999997 1.6
-0.799999999999997 1.7
-0.799999999999997 1.8
-0.799999999999997 1.9
-0.699999999999998 -2
-0.699999999999998 -1.9
-0.699999999999998 -1.8
-0.699999999999998 -1.7
-0.699999999999998 -1.6
-0.699999999999998 -1.5
-0.699999999999998 -1.4
-0.699999999999998 -1.3
-0.699999999999998 -1.2
-0.699999999999998 -1.1
-0.699999999999998 -0.999999999999999
-0.699999999999998 -0.899999999999999
-0.699999999999998 -0.799999999999999
-0.699999999999998 -0.699999999999999
-0.699999999999998 -0.599999999999999
-0.699999999999998 -0.499999999999999
-0.699999999999998 -0.399999999999999
-0.699999999999998 -0.299999999999999
-0.699999999999998 -0.199999999999999
-0.699999999999998 -0.0999999999999994
-0.699999999999998 6.38378239159465E-16
-0.699999999999998 0.100000000000001
-0.699999999999998 0.200000000000001
-0.699999999999998 0.300000000000001
-0.699999999999998 0.400000000000001
-0.699999999999998 0.500000000000001
-0.699999999999998 0.600000000000001
-0.699999999999998 0.700000000000001
-0.699999999999998 0.800000000000001
-0.699999999999998 0.900000000000001
-0.699999999999998 1
-0.699999999999998 1.1
-0.699999999999998 1.2
-0.699999999999998 1.3
-0.699999999999998 1.4
-0.699999999999998 1.5
-0.699999999999998 1.6
-0.699999999999998 1.7
-0.699999999999998 1.8
-0.699999999999998 1.9
-0.599999999999998 -2
-0.599999999999998 -1.9
-0.599999999999998 -1.8
-0.599999999999998 -1.7
-0.599999999999998 -1.6
-0.599999999999998 -1.5
-0.599999999999998 -1.4
-0.599999999999998 -1.3
-0.599999999999998 -1.2
-0.599999999999998 -1.1
-0.599999999999998 -0.999999999999999
-0.599999999999998 -0.899999999999999
-0.599999999999998 -0.799999999999999
-0.599999999999998 -0.699999999999999
-0.599999999999998 -0.599999999999999
-0.599999999999998 -0.499999999999999
-0.599999999999998 -0.399999999999999
-0.599999999999998 -0.299999999999999
-0.599999999999998 -0.199999999999999
-0.599999999999998 -0.0999999999999994
-0.599999999999998 6.38378239159465E-16
-0.599999999999998 0.100000000000001
-0.599999999999998 0.200000000000001
-0.599999999999998 0.300000000000001
-0.599999999999998 0.400000000000001
-0.599999999999998 0.500000000000001
-0.599999999999998 0.600000000000001
-0.599999999999998 0.700000000000001
-0.599999999999998 0.800000000000001
-0.599999999999998 0.900000000000001
-0.599999999999998 1
-0.599999999999998 1.1
-0.599999999999998 1.2
-0.599999999999998 1.3
-0.599999999999998 1.4
-0.599999999999998 1.5
-0.599999999999998 1.6
-0.599999999999998 1.7
-0.599999999999998 1.8
-0.599999999999998 1.9
-0.499999999999998 -2
-0.499999999999998 -1.9
-0.499999999999998 -1.8
-0.499999999999998 -1.7
-0.499999999999998 -1.6
-0.499999999999998 -1.5
-0.499999999999998 -1.4
-0.499999999999998 -1.3
-0.499999999999998 -1.2
-0.499999999999998 -1.1
-0.499999999999998 -0.999999999999999
-0.499999999999998 -0.899999999999999
-0.499999999999998 -0.799999999999999
-0.499999999999998 -0.699999999999999
-0.499999999999998 -0.599999999999999
-0.499999999999998 -0.499999999999999
-0.499999999999998 -0.399999999999999
-0.499999999999998 -0.299999999999999
-0.499999999999998 -0.199999999999999
-0.499999999999998 -0.0999999999999994
-0.499999999999998 6.38378239159465E-16
-0.499999999999998 0.100000000000001
-0.499999999999998 0.200000000000001
-0.499999999999998 0.300000000000001
-0.499999999999998 0.400000000000001
-0.499999999999998 0.500000000000001
-0.499999999999998 0.600000000000001
-0.499999999999998 0.700000000000001
-0.499999999999998 0.800000000000001
-0.499999999999998 0.900000000000001
-0.499999999999998 1
-0.499999999999998 1.1
-0.499999999999998 1.2
-0.499999999999998 1.3
-0.499999999999998 1.4
-0.499999999999998 1.5
-0.499999999999998 1.6
-0.499999999999998 1.7
-0.499999999999998 1.8
-0.499999999999998 1.9
-0.399999999999998 -2
-0.399999999999998 -1.9
-0.399999999999998 -1.8
-0.399999999999998 -1.7
-0.399999999999998 -1.6
-0.399999999999998 -1.5
-0.399999999999998 -1.4
-0.399999999999998 -1.3
-0.399999999999998 -1.2
-0.399999999999998 -1.1
-0.399999999999998 -0.999999999999999
-0.399999999999998 -0.899999999999999
-0.399999999999998 -0.799999999999999
-0.399999999999998 -0.699999999999999
-0.399999999999998 -0.599999999999999
-0.399999999999998 -0.499999999999999
-0.399999999999998 -0.399999999999999
-0.399999999999998 -0.299999999999999
-0.399999999999998 -0.199999999999999
-0.399999999999998 -0.0999999999999994
-0.399999999999998 6.38378239159465E-16
-0.399999999999998 0.100000000000001
-0.399999999999998 0.200000000000001
-0.399999999999998 0.300000000000001
-0.399999999999998 0.400000000000001
-0.399999999999998 0.500000000000001
-0.399999999999998 0.600000000000001
-0.399999999999998 0.700000000000001
-0.399999999999998 0.800000000000001
-0.399999999999998 0.900000000000001
-0.399999999999998 1
-0.399999999999998 1.1
-0.399999999999998 1.2
-0.399999999999998 1.3
-0.399999999999998 1.4
-0.399999999999998 1.5
-0.399999999999998 1.6
-0.399999999999998 1.7
-0.399999999999998 1.8
-0.399999999999998 1.9
-0.299999999999998 -2
-0.299999999999998 -1.9
-0.299999999999998 -1.8
-0.299999999999998 -1.7
-0.299999999999998 -1.6
-0.299999999999998 -1.5
-0.299999999999998 -1.4
-0.299999999999998 -1.3
-0.299999999999998 -1.2
-0.299999999999998 -1.1
-0.299999999999998 -0.999999999999999
-0.299999999999998 -0.899999999999999
-0.299999999999998 -0.799999999999999
-0.299999999999998 -0.699999999999999
-0.299999999999998 -0.599999999999999
-0.299999999999998 -0.499999999999999
-0.299999999999998 -0.399999999999999
-0.299999999999998 -0.299999999999999
-0.299999999999998 -0.199999999999999
-0.299999999999998 -0.0999999999999994
-0.299999999999998 6.38378239159465E-16
-0.299999999999998 0.100000000000001
-0.299999999999998 0.200000000000001
-0.299999999999998 0.300000000000001
-0.299999999999998 0.400000000000001
-0.299999999999998 0.500000000000001
-0.299999999999998 0.600000000000001
-0.299999999999998 0.700000000000001
-0.299999999999998 0.800000000000001
-0.299999999999998 0.900000000000001
-0.299999999999998 1
-0.299999999999998 1.1
-0.299999999999998 1.2
-0.299999999999998 1.3
-0.299999999999998 1.4
-0.299999999999998 1.5
-0.299999999999998 1.6
-0.299999999999998 1.7
-0.299999999999998 1.8
-0.299999999999998 1.9
-0.199999999999998 -2
-0.199999999999998 -1.9
-0.199999999999998 -1.8
-0.199999999999998 -1.7
-0.199999999999998 -1.6
-0.199999999999998 -1.5
-0.199999999999998 -1.4
-0.199999999999998 -1.3
-0.199999999999998 -1.2
-0.199999999999998 -1.1
-0.199999999999998 -0.999999999999999
-0.199999999999998 -0.899999999999999
-0.199999999999998 -0.799999999999999
-0.199999999999998 -0.699999999999999
-0.199999999999998 -0.599999999999999
-0.199999999999998 -0.499999999999999
-0.199999999999998 -0.399999999999999
-0.199999999999998 -0.299999999999999
-0.199999999999998 -0.199999999999999
-0.199999999999998 -0.0999999999999994
-0.199999999999998 6.38378239159465E-16
-0.199999999999998 0.100000000000001
-0.199999999999998 0.200000000000001
-0.199999999999998 0.300000000000001
-0.199999999999998 0.400000000000001
-0.199999999999998 0.500000000000001
-0.199999999999998 0.600000000000001
-0.199999999999998 0.700000000000001
-0.199999999999998 0.800000000000001
-0.199999999999998 0.900000000000001
-0.199999999999998 1
-0.199999999999998 1.1
-0.199999999999998 1.2
-0.199999999999998 1.3
-0.199999999999998 1.4
-0.199999999999998 1.5
-0.199999999999998 1.6
-0.199999999999998 1.7
-0.199999999999998 1.8
-0.199999999999998 1.9
-0.0999999999999976 -2
-0.0999999999999976 -1.9
-0.0999999999999976 -1.8
-0.0999999999999976 -1.7
-0.0999999999999976 -1.6
-0.0999999999999976 -1.5
-0.0999999999999976 -1.4
-0.0999999999999976 -1.3
-0.0999999999999976 -1.2
-0.0999999999999976 -1.1
-0.0999999999999976 -0.999999999999999
-0.0999999999999976 -0.899999999999999
-0.0999999999999976 -0.799999999999999
-0.0999999999999976 -0.699999999999999
-0.0999999999999976 -0.599999999999999
-0.0999999999999976 -0.499999999999999
-0.0999999999999976 -0.399999999999999
-0.0999999999999976 -0.299999999999999
-0.0999999999999976 -0.199999999999999
-0.0999999999999976 -0.0999999999999994
-0.0999999999999976 6.38378239159465E-16
-0.0999999999999976 0.100000000000001
-0.0999999999999976 0.200000000000001
-0.0999999999999976 0.300000000000001
-0.0999999999999976 0.400000000000001
-0.0999999999999976 0.500000000000001
-0.0999999999999976 0.600000000000001
-0.0999999999999976 0.700000000000001
-0.0999999999999976 0.800000000000001
-0.0999999999999976 0.900000000000001
-0.0999999999999976 1
-0.0999999999999976 1.1
-0.0999999999999976 1.2
-0.0999999999999976 1.3
-0.0999999999999976 1.4
-0.0999999999999976 1.5
-0.0999999999999976 1.6
-0.0999999999999976 1.7
-0.0999999999999976 1.8
-0.0999999999999976 1.9
2.41473507855972E-15 -2
2.41473507855972E-15 -1.9
2.41473507855972E-15 -1.8
2.41473507855972E-15 -1.7
2.41473507855972E-15 -1.6
2.41473507855972E-15 -1.5
2.41473507855972E-15 -1.4
2.41473507855972E-15 -1.3
2.41473507855972E-15 -1.2
2.41473507855972E-15 -1.1
2.41473507855972E-15 -0.999999999999999
2.41473507855972E-15 -0.899999999999999
2.41473507855972E-15 -0.799999999999999
2.41473507855972E-15 -0.699999999999999
2.41473507855972E-15 -0.599999999999999
2.41473507855972E-15 -0.499999999999999
2.41473507855972E-15 -0.399999999999999
2.41473507855972E-15 -0.299999999999999
2.41473507855972E-15 -0.199999999999999
2.41473507855972E-15 -0.0999999999999994
2.41473507855972E-15 6.38378239159465E-16
2.41473507855972E-15 0.100000000000001
2.41473507855972E-15 0.200000000000001
2.41473507855972E-15 0.300000000000001
2.41473507855972E-15 0.400000000000001
2.41473507855972E-15 0.500000000000001
2.41473507855972E-15 0.600000000000001
2.41473507855972E-15 0.700000000000001
2.41473507855972E-15 0.800000000000001
2.41473507855972E-15 0.900000000000001
2.41473507855972E-15 1
2.41473507855972E-15 1.1
2.41473507855972E-15 1.2
2.41473507855972E-15 1.3
2.41473507855972E-15 1.4
2.41473507855972E-15 1.5
2.41473507855972E-15 1.6
2.41473507855972E-15 1.7
2.41473507855972E-15 1.8
2.41473507855972E-15 1.9
0.100000000000002 -2
0.100000000000002 -1.9
0.100000000000002 -1.8
0.100000000000002 -1.7
0.100000000000002 -1.6
0.100000000000002 -1.5
0.100000000000002 -1.4
0.100000000000002 -1.3
0.100000000000002 -1.2
0.100000000000002 -1.1
0.100000000000002 -0.999999999999999
0.100000000000002 -0.899999999999999
0.100000000000002 -0.799999999999999
0.100000000000002 -0.699999999999999
0.100000000000002 -0.599999999999999
0.100000000000002 -0.499999999999999
0.100000000000002 -0.399999999999999
0.100000000000002 -0.299999999999999
0.100000000000002 -0.199999999999999
0.100000000000002 -0.0999999999999994
0.100000000000002 6.38378239159465E-16
0.100000000000002 0.100000000000001
0.100000000000002 0.200000000000001
0.100000000000002 0.300000000000001
0.100000000000002 0.400000000000001
0.100000000000002 0.500000000000001
0.100000000000002 0.600000000000001
0.100000000000002 0.700000000000001
0.100000000000002 0.800000000000001
0.100000000000002 0.900000000000001
0.100000000000002 1
0.100000000000002 1.1
0.100000000000002 1.2
0.100000000000002 1.3
0.100000000000002 1.4
0.100000000000002 1.5
0.100000000000002 1.6
0.100000000000002 1.7
0.100000000000002 1.8
0.100000000000002 1.9
0.200000000000002 -2
0.200000000000002 -1.9
0.200000000000002 -1.8
0.200000000000002 -1.7
0.200000000000002 -1.6
0.200000000000002 -1.5
0.200000000000002 -1.4
0.200000000000002 -1.3
0.200000000000002 -1.2
0.200000000000002 -1.1
0.200000000000002 -0.999999999999999
0.200000000000002 -0.899999999999999
0.200000000000002 -0.799999999999999
0.200000000000002 -0.699999999999999
0.200000000000002 -0.599999999999999
0.200000000000002 -0.499999999999999
0.200000000000002 -0.399999999999999
0.200000000000002 -0.299999999999999
0.200000000000002 -0.199999999999999
0.200000000000002 -0.0999999999999994
0.200000000000002 6.38378239159465E-16
0.200000000000002 0.100000000000001
0.200000000000002 0.200000000000001
0.200000000000002 0.300000000000001
0.200000000000002 0.400000000000001
0.200000000000002 0.500000000000001
0.200000000000002 0.600000000000001
0.200000000000002 0.700000000000001
0.200000000000002 0.800000000000001
0.200000000000002 0.900000000000001
0.200000000000002 1
0.200000000000002 1.1
0.200000000000002 1.2
0.200000000000002 1.3
0.200000000000002 1.4
0.200000000000002 1.5
0.200000000000002 1.6
0.200000000000002 1.7
0.200000000000002 1.8
0.200000000000002 1.9
0.300000000000002 -2
0.300000000000002 -1.9
0.300000000000002 -1.8
0.300000000000002 -1.7
0.300000000000002 -1.6
0.300000000000002 -1.5
0.300000000000002 -1.4
0.300000000000002 -1.3
0.300000000000002 -1.2
0.300000000000002 -1.1
0.300000000000002 -0.999999999999999
0.300000000000002 -0.899999999999999
0.300000000000002 -0.799999999999999
0.300000000000002 -0.699999999999999
0.300000000000002 -0.599999999999999
0.300000000000002 -0.499999999999999
0.300000000000002 -0.399999999999999
0.300000000000002 -0.299999999999999
0.300000000000002 -0.199999999999999
0.300000000000002 -0.0999999999999994
0.300000000000002 6.38378239159465E-16
0.300000000000002 0.100000000000001
0.300000000000002 0.200000000000001
0.300000000000002 0.300000000000001
0.300000000000002 0.400000000000001
0.300000000000002 0.500000000000001
0.300000000000002 0.600000000000001
0.300000000000002 0.700000000000001
0.300000000000002 0.800000000000001
0.300000000000002 0.900000000000001
0.300000000000002 1
0.300000000000002 1.1
0.300000000000002 1.2
0.300000000000002 1.3
0.300000000000002 1.4
0.300000000000002 1.5
0.300000000000002 1.6
0.300000000000002 1.7
0.300000000000002 1.8
0.300000000000002 1.9
0.400000000000002 -2
0.400000000000002 -1.9
0.400000000000002 -1.8
0.400000000000002 -1.7
0.400000000000002 -1.6
0.400000000000002 -1.5
0.400000000000002 -1.4
0.400000000000002 -1.3
0.400000000000002 -1.2
0.400000000000002 -1.1
0.400000000000002 -0.999999999999999
0.400000000000002 -0.899999999999999
0.400000000000002 -0.799999999999999
0.400000000000002 -0.699999999999999
0.400000000000002 -0.599999999999999
0.400000000000002 -0.499999999999999
0.400000000000002 -0.399999999999999
0.400000000000002 -0.299999999999999
0.400000000000002 -0.199999999999999
0.400000000000002 -0.0999999999999994
0.400000000000002 6.38378239159465E-16
0.400000000000002 0.100000000000001
0.400000000000002 0.200000000000001
0.400000000000002 0.300000000000001
0.400000000000002 0.400000000000001
0.400000000000002 0.500000000000001
0.400000000000002 0.600000000000001
0.400000000000002 0.700000000000001
0.400000000000002 0.800000000000001
0.400000000000002 0.900000000000001
0.400000000000002 1
0.400000000000002 1.1
0.400000000000002 1.2
0.400000000000002 1.3
0.400000000000002 1.4
0.400000000000002 1.5
0.400000000000002 1.6
0.400000000000002 1.7
0.400000000000002 1.8
0.400000000000002 1.9
0.500000000000002 -2
0.500000000000002 -1.9
0.500000000000002 -1.8
0.500000000000002 -1.7
0.500000000000002 -1.6
0.500000000000002 -1.5
0.500000000000002 -1.4
0.500000000000002 -1.3
0.500000000000002 -1.2
0.500000000000002 -1.1
0.500000000000002 -0.999999999999999
0.500000000000002 -0.899999999999999
0.500000000000002 -0.799999999999999
0.500000000000002 -0.699999999999999
0.500000000000002 -0.599999999999999
0.500000000000002 -0.499999999999999
0.500000000000002 -0.399999999999999
0.500000000000002 -0.299999999999999
0.500000000000002 -0.199999999999999
0.500000000000002 -0.0999999999999994
0.500000000000002 6.38378239159465E-16
0.500000000000002 0.100000000000001
0.500000000000002 0.200000000000001
0.500000000000002 0.300000000000001
0.500000000000002 0.400000000000001
0.500000000000002 0.500000000000001
0.500000000000002 0.600000000000001
0.500000000000002 0.700000000000001
0.500000000000002 0.800000000000001
0.500000000000002 0.900000000000001
0.500000000000002 1
0.500000000000002 1.1
0.500000000000002 1.2
0.500000000000002 1.3
0.500000000000002 1.4
0.500000000000002 1.5
0.500000000000002 1.6
0.500000000000002 1.7
0.500000000000002 1.8
0.500000000000002 1.9
0.600000000000002 -2
0.600000000000002 -1.9
0.600000000000002 -1.8
0.600000000000002 -1.7
0.600000000000002 -1.6
0.600000000000002 -1.5
0.600000000000002 -1.4
0.600000000000002 -1.3
0.600000000000002 -1.2
0.600000000000002 -1.1
0.600000000000002 -0.999999999999999
0.600000000000002 -0.899999999999999
0.600000000000002 -0.799999999999999
0.600000000000002 -0.699999999999999
0.600000000000002 -0.599999999999999
0.600000000000002 -0.499999999999999
0.600000000000002 -0.399999999999999
0.600000000000002 -0.299999999999999
0.600000000000002 -0.199999999999999
0.600000000000002 -0.0999999999999994
0.600000000000002 6.38378239159465E-16
0.600000000000002 0.100000000000001
0.600000000000002 0.200000000000001
0.600000000000002 0.300000000000001
0.600000000000002 0.400000000000001
0.600000000000002 0.500000000000001
0.600000000000002 0.600000000000001
0.600000000000002 0.700000000000001
0.600000000000002 0.800000000000001
0.600000000000002 0.900000000000001
0.600000000000002 1
0.600000000000002 1.1
0.600000000000002 1.2
0.600000000000002 1.3
0.600000000000002 1.4
0.600000000000002 1.5
0.600000000000002 1.6
0.600000000000002 1.7
0.600000000000002 1.8
0.600000000000002 1.9
0.700000000000002 -2
0.700000000000002 -1.9
0.700000000000002 -1.8
0.700000000000002 -1.7
0.700000000000002 -1.6
0.700000000000002 -1.5
0.700000000000002 -1.4
0.700000000000002 -1.3
0.700000000000002 -1.2
0.700000000000002 -1.1
0.700000000000002 -0.999999999999999
0.700000000000002 -0.899999999999999
0.700000000000002 -0.799999999999999
0.700000000000002 -0.699999999999999
0.700000000000002 -0.599999999999999
0.700000000000002 -0.499999999999999
0.700000000000002 -0.399999999999999
0.700000000000002 -0.299999999999999
0.700000000000002 -0.199999999999999
0.700000000000002 -0.0999999999999994
0.700000000000002 6.38378239159465E-16
0.700000000000002 0.100000000000001
0.700000000000002 0.200000000000001
0.700000000000002 0.300000000000001
0.700000000000002 0.400000000000001
0.700000000000002 0.500000000000001
0.700000000000002 0.600000000000001
0.700000000000002 0.700000000000001
0.700000000000002 0.800000000000001
0.700000000000002 0.900000000000001
0.700000000000002 1
0.700000000000002 1.1
0.700000000000002 1.2
0.700000000000002 1.3
0.700000000000002 1.4
0.700000000000002 1.5
0.700000000000002 1.6
0.700000000000002 1.7
0.700000000000002 1.8
0.700000000000002 1.9
0.800000000000002 -2
0.800000000000002 -1.9
0.800000000000002 -1.8
0.800000000000002 -1.7
0.800000000000002 -1.6
0.800000000000002 -1.5
0.800000000000002 -1.4
0.800000000000002 -1.3
0.800000000000002 -1.2
0.800000000000002 -1.1
0.800000000000002 -0.999999999999999
0.800000000000002 -0.899999999999999
0.800000000000002 -0.799999999999999
0.800000000000002 -0.699999999999999
0.800000000000002 -0.599999999999999
0.800000000000002 -0.499999999999999
0.800000000000002 -0.399999999999999
0.800000000000002 -0.299999999999999
0.800000000000002 -0.199999999999999
0.800000000000002 -0.0999999999999994
0.800000000000002 6.38378239159465E-16
0.800000000000002 0.100000000000001
0.800000000000002 0.200000000000001
0.800000000000002 0.300000000000001
0.800000000000002 0.400000000000001
0.800000000000002 0.500000000000001
0.800000000000002 0.600000000000001
0.800000000000002 0.700000000000001
0.800000000000002 0.800000000000001
0.800000000000002 0.900000000000001
0.800000000000002 1
0.800000000000002 1.1
0.800000000000002 1.2
0.800000000000002 1.3
0.800000000000002 1.4
0.800000000000002 1.5
0.800000000000002 1.6
0.800000000000002 1.7
0.800000000000002 1.8
0.800000000000002 1.9
0.900000000000002 -2
0.900000000000002 -1.9
0.900000000000002 -1.8
0.900000000000002 -1.7
0.900000000000002 -1.6
0.900000000000002 -1.5
0.900000000000002 -1.4
0.900000000000002 -1.3
0.900000000000002 -1.2
0.900000000000002 -1.1
0.900000000000002 -0.999999999999999
0.900000000000002 -0.899999999999999
0.900000000000002 -0.799999999999999
0.900000000000002 -0.699999999999999
0.900000000000002 -0.599999999999999
0.900000000000002 -0.499999999999999
0.900000000000002 -0.399999999999999
0.900000000000002 -0.299999999999999
0.900000000000002 -0.199999999999999
0.900000000000002 -0.0999999999999994
0.900000000000002 6.38378239159465E-16
0.900000000000002 0.100000000000001
0.900000000000002 0.200000000000001
0.900000000000002 0.300000000000001
0.900000000000002 0.400000000000001
0.900000000000002 0.500000000000001
0.900000000000002 0.600000000000001
0.900000000000002 0.700000000000001
0.900000000000002 0.800000000000001
0.900000000000002 0.900000000000001
0.900000000000002 1
0.900000000000002 1.1
0.900000000000002 1.2
0.900000000000002 1.3
0.900000000000002 1.4
0.900000000000002 1.5
0.900000000000002 1.6
0.900000000000002 1.7
0.900000000000002 1.8
0.900000000000002 1.9
1 -2
1 -1.9
1 -1.8
1 -1.7
1 -1.6
1 -1.5
1 -1.4
1 -1.3
1 -1.2
1 -1.1
1 -0.999999999999999
1 -0.899999999999999
1 -0.799999999999999
1 -0.699999999999999
1 -0.599999999999999
1 -0.499999999999999
1 -0.399999999999999
1 -0.299999999999999
1 -0.199999999999999
1 -0.0999999999999994
1 6.38378239159465E-16
1 0.100000000000001
1 0.200000000000001
1 0.300000000000001
1 0.400000000000001
1 0.500000000000001
1 0.600000000000001
1 0.700000000000001
1 0.800000000000001
1 0.900000000000001
1 1
1 1.1
1 1.2
1 1.3
1 1.4
1 1.5
1 1.6
1 1.7
1 1.8
1 1.9
1.1 -2
1.1 -1.9
1.1 -1.8
1.1 -1.7
1.1 -1.6
1.1 -1.5
1.1 -1.4
1.1 -1.3
1.1 -1.2
1.1 -1.1
1.1 -0.999999999999999
1.1 -0.899999999999999
1.1 -0.799999999999999
1.1 -0.699999999999999
1.1 -0.599999999999999
1.1 -0.499999999999999
1.1 -0.399999999999999
1.1 -0.299999999999999
1.1 -0.199999999999999
1.1 -0.0999999999999994
1.1 6.38378239159465E-16
1.1 0.100000000000001
1.1 0.200000000000001
1.1 0.300000000000001
1.1 0.400000000000001
1.1 0.500000000000001
1.1 0.600000000000001
1.1 0.700000000000001
1.1 0.800000000000001
1.1 0.900000000000001
1.1 1
1.1 1.1
1.1 1.2
1.1 1.3
1.1 1.4
1.1 1.5
1.1 1.6
1.1 1.7
1.1 1.8
1.1 1.9
1.2 -2
1.2 -1.9
1.2 -1.8
1.2 -1.7
1.2 -1.6
1.2 -1.5
1.2 -1.4
1.2 -1.3
1.2 -1.2
1.2 -1.1
1.2 -0.999999999999999
1.2 -0.899999999999999
1.2 -0.799999999999999
1.2 -0.699999999999999
1.2 -0.599999999999999
1.2 -0.499999999999999
1.2 -0.399999999999999
1.2 -0.299999999999999
1.2 -0.199999999999999
1.2 -0.0999999999999994
1.2 6.38378239159465E-16
1.2 0.100000000000001
1.2 0.200000000000001
1.2 0.300000000000001
1.2 0.400000000000001
1.2 0.500000000000001
1.2 0.600000000000001
1.2 0.700000000000001
1.2 0.800000000000001
1.2 0.900000000000001
1.2 1
1.2 1.1
1.2 1.2
1.2 1.3
1.2 1.4
1.2 1.5
1.2 1.6
1.2 1.7
1.2 1.8
1.2 1.9
1.3 -2
1.3 -1.9
1.3 -1.8
1.3 -1.7
1.3 -1.6
1.3 -1.5
1.3 -1.4
1.3 -1.3
1.3 -1.2
1.3 -1.1
1.3 -0.999999999999999
1.3 -0.899999999999999
1.3 -0.799999999999999
1.3 -0.699999999999999
1.3 -0.599999999999999
1.3 -0.499999999999999
1.3 -0.399999999999999
1.3 -0.299999999999999
1.3 -0.199999999999999
1.3 -0.0999999999999994
1.3 6.38378239159465E-16
1.3 0.100000000000001
1.3 0.200000000000001
1.3 0.300000000000001
1.3 0.400000000000001
1.3 0.500000000000001
1.3 0.600000000000001
1.3 0.700000000000001
1.3 0.800000000000001
1.3 0.900000000000001
1.3 1
1.3 1.1
1.3 1.2
1.3 1.3
1.3 1.4
1.3 1.5
1.3 1.6
1.3 1.7
1.3 1.8
1.3 1.9
1.4 -2
1.4 -1.9
1.4 -1.8
1.4 -1.7
1.4 -1.6
1.4 -1.5
1.4 -1.4
1.4 -1.3
1.4 -1.2
1.4 -1.1
1.4 -0.999999999999999
1.4 -0.899999999999999
1.4 -0.799999999999999
1.4 -0.699999999999999
1.4 -0.599999999999999
1.4 -0.499999999999999
1.4 -0.399999999999999
1.4 -0.299999999999999
1.4 -0.199999999999999
1.4 -0.0999999999999994
1.4 6.38378239159465E-16
1.4 0.100000000000001
1.4 0.200000000000001
1.4 0.300000000000001
1.4 0.400000000000001
1.4 0.500000000000001
1.4 0.600000000000001
1.4 0.700000000000001
1.4 0.800000000000001
1.4 0.900000000000001
1.4 1
1.4 1.1
1.4 1.2
1.4 1.3
1.4 1.4
1.4 1.5
1.4 1.6
1.4 1.7
1.4 1.8
1.4 1.9
1.5 -2
1.5 -1.9
1.5 -1.8
1.5 -1.7
1.5 -1.6
1.5 -1.5
1.5 -1.4
1.5 -1.3
1.5 -1.2
1.5 -1.1
1.5 -0.999999999999999
1.5 -0.899999999999999
1.5 -0.799999999999999
1.5 -0.699999999999999
1.5 -0.599999999999999
1.5 -0.499999999999999
1.5 -0.399999999999999
1.5 -0.299999999999999
1.5 -0.199999999999999
1.5 -0.0999999999999994
1.5 6.38378239159465E-16
1.5 0.100000000000001
1.5 0.200000000000001
1.5 0.300000000000001
1.5 0.400000000000001
1.5 0.500000000000001
1.5 0.600000000000001
1.5 0.700000000000001
1.5 0.800000000000001
1.5 0.900000000000001
1.5 1
1.5 1.1
1.5 1.2
1.5 1.3
1.5 1.4
1.5 1.5
1.5 1.6
1.5 1.7
1.5 1.8
1.5 1.9
1.6 -2
1.6 -1.9
1.6 -1.8
1.6 -1.7
1.6 -1.6
1.6 -1.5
1.6 -1.4
1.6 -1.3
1.6 -1.2
1.6 -1.1
1.6 -0.999999999999999
1.6 -0.899999999999999
1.6 -0.799999999999999
1.6 -0.699999999999999
1.6 -0.599999999999999
1.6 -0.499999999999999
1.6 -0.399999999999999
1.6 -0.299999999999999
1.6 -0.199999999999999
1.6 -0.0999999999999994
1.6 6.38378239159465E-16
1.6 0.100000000000001
1.6 0.200000000000001
1.6 0.300000000000001
1.6 0.400000000000001
1.6 0.500000000000001
1.6 0.600000000000001
1.6 0.700000000000001
1.6 0.800000000000001
1.6 0.900000000000001
1.6 1
1.6 1.1
1.6 1.2
1.6 1.3
1.6 1.4
1.6 1.5
1.6 1.6
1.6 1.7
1.6 1.8
1.6 1.9
1.7 -2
1.7 -1.9
1.7 -1.8
1.7 -1.7
1.7 -1.6
1.7 -1.5
1.7 -1.4
1.7 -1.3
1.7 -1.2
1.7 -1.1
1.7 -0.999999999999999
1.7 -0.899999999999999
1.7 -0.799999999999999
1.7 -0.699999999999999
1.7 -0.599999999999999
1.7 -0.499999999999999
1.7 -0.399999999999999
1.7 -0.299999999999999
1.7 -0.199999999999999
1.7 -0.0999999999999994
1.7 6.38378239159465E-16
1.7 0.100000000000001
1.7 0.200000000000001
1.7 0.300000000000001
1.7 0.400000000000001
1.7 0.500000000000001
1.7 0.600000000000001
1.7 0.700000000000001
1.7 0.800000000000001
1.7 0.900000000000001
1.7 1
1.7 1.1
1.7 1.2
1.7 1.3
1.7 1.4
1.7 1.5
1.7 1.6
1.7 1.7
1.7 1.8
1.7 1.9
1.8 -2
1.8 -1.9
1.8 -1.8
1.8 -1.7
1.8 -1.6
1.8 -1.5
1.8 -1.4
1.8 -1.3
1.8 -1.2
1.8 -1.1
1.8 -0.999999999999999
1.8 -0.899999999999999
1.8 -0.799999999999999
1.8 -0.699999999999999
1.8 -0.599999999999999
1.8 -0.499999999999999
1.8 -0.399999999999999
1.8 -0.299999999999999
1.8 -0.199999999999999
1.8 -0.0999999999999994
1.8 6.38378239159465E-16
1.8 0.100000000000001
1.8 0.200000000000001
1.8 0.300000000000001
1.8 0.400000000000001
1.8 0.500000000000001
1.8 0.600000000000001
1.8 0.700000000000001
1.8 0.800000000000001
1.8 0.900000000000001
1.8 1
1.8 1.1
1.8 1.2
1.8 1.3
1.8 1.4
1.8 1.5
1.8 1.6
1.8 1.7
1.8 1.8
1.8 1.9
1.9 -2
1.9 -1.9
1.9 -1.8
1.9 -1.7
1.9 -1.6
1.9 -1.5
1.9 -1.4
1.9 -1.3
1.9 -1.2
1.9 -1.1
1.9 -0.999999999999999
1.9 -0.899999999999999
1.9 -0.799999999999999
1.9 -0.699999999999999
1.9 -0.599999999999999
1.9 -0.499999999999999
1.9 -0.399999999999999
1.9 -0.299999999999999
1.9 -0.199999999999999
1.9 -0.0999999999999994
1.9 6.38378239159465E-16
1.9 0.100000000000001
1.9 0.200000000000001
1.9 0.300000000000001
1.9 0.400000000000001
1.9 0.500000000000001
1.9 0.600000000000001
1.9 0.700000000000001
1.9 0.800000000000001
1.9 0.900000000000001
1.9 1
1.9 1.1
1.9 1.2
1.9 1.3
1.9 1.4
1.9 1.5
1.9 1.6
1.9 1.7
1.9 1.8
1.9 1.9
2 -2
2 -1.9
2 -1.8
2 -1.7
2 -1.6
2 -1.5
2 -1.4
2 -1.3
2 -1.2
2 -1.1
2 -0.999999999999999
2 -0.899999999999999
2 -0.799999999999999
2 -0.699999999999999
2 -0.599999999999999
2 -0.499999999999999
2 -0.399999999999999
2 -0.299999999999999
2 -0.199999999999999
2 -0.0999999999999994
2 6.38378239159465E-16
2 0.100000000000001
2 0.200000000000001
2 0.300000000000001
2 0.400000000000001
2 0.500000000000001
2 0.600000000000001
2 0.700000000000001
2 0.800000000000001
2 0.900000000000001
2 1
2 1.1
2 1.2
2 1.3
2 1.4
2 1.5
2 1.6
2 1.7
2 1.8
2 1.9
2.1 -2
2.1 -1.9
2.1 -1.8
2.1 -1.7
2.1 -1.6
2.1 -1.5
2.1 -1.4
2.1 -1.3
2.1 -1.2
2.1 -1.1
2.1 -0.999999999999999
2.1 -0.899999999999999
2.1 -0.799999999999999
2.1 -0.699999999999999
2.1 -0.599999999999999
2.1 -0.499999999999999
2.1 -0.399999999999999
2.1 -0.299999999999999
2.1 -0.199999999999999
2.1 -0.0999999999999994
2.1 6.38378239159465E-16
2.1 0.100000000000001
2.1 0.200000000000001
2.1 0.300000000000001
2.1 0.400000000000001
2.1 0.500000000000001
2.1 0.600000000000001
2.1 0.700000000000001
2.1 0.800000000000001
2.1 0.900000000000001
2.1 1
2.1 1.1
2.1 1.2
2.1 1.3
2.1 1.4
2.1 1.5
2.1 1.6
2.1 1.7
2.1 1.8
2.1 1.9
2.2 -2
2.2 -1.9
2.2 -1.8
2.2 -1.7
2.2 -1.6
2.2 -1.5
2.2 -1.4
2.2 -1.3
2.2 -1.2
2.2 -1.1
2.2 -0.999999999999999
2.2 -0.899999999999999
2.2 -0.799999999999999
2.2 -0.699999999999999
2.2 -0.599999999999999
2.2 -0.499999999999999
2.2 -0.399999999999999
2.2 -0.299999999999999
2.2 -0.199999999999999
2.2 -0.0999999999999994
2.2 6.38378239159465E-16
2.2 0.100000000000001
2.2 0.200000000000001
2.2 0.300000000000001
2.2 0.400000000000001
2.2 0.500000000000001
2.2 0.600000000000001
2.2 0.700000000000001
2.2 0.800000000000001
2.2 0.900000000000001
2.2 1
2.2 1.1
2.2 1.2
2.2 1.3
2.2 1.4
2.2 1.5
2.2 1.6
2.2 1.7
2.2 1.8
2.2 1.9
2.3 -2
2.3 -1.9
2.3 -1.8
2.3 -1.7
2.3 -1.6
2.3 -1.5
2.3 -1.4
2.3 -1.3
2.3 -1.2
2.3 -1.1
2.3 -0.999999999999999
2.3 -0.899999999999999
2.3 -0.799999999999999
2.3 -0.699999999999999
2.3 -0.599999999999999
2.3 -0.499999999999999
2.3 -0.399999999999999
2.3 -0.299999999999999
2.3 -0.199999999999999
2.3 -0.0999999999999994
2.3 6.38378239159465E-16
2.3 0.100000000000001
2.3 0.200000000000001
2.3 0.300000000000001
2.3 0.400000000000001
2.3 0.500000000000001
2.3 0.600000000000001
2.3 0.700000000000001
2.3 0.800000000000001
2.3 0.900000000000001
2.3 1
2.3 1.1
2.3 1.2
2.3 1.3
2.3 1.4
2.3 1.5
2.3 1.6
2.3 1.7
2.3 1.8
2.3 1.9
2.4 -2
2.4 -1.9
2.4 -1.8
2.4 -1.7
2.4 -1.6
2.4 -1.5
2.4 -1.4
2.4 -1.3
2.4 -1.2
2.4 -1.1
2.4 -0.999999999999999
2.4 -0.899999999999999
2.4 -0.799999999999999
2.4 -0.699999999999999
2.4 -0.599999999999999
2.4 -0.499999999999999
2.4 -0.399999999999999
2.4 -0.299999999999999
2.4 -0.199999999999999
2.4 -0.0999999999999994
2.4 6.38378239159465E-16
2.4 0.100000000000001
2.4 0.200000000000001
2.4 0.300000000000001
2.4 0.400000000000001
2.4 0.500000000000001
2.4 0.600000000000001
2.4 0.700000000000001
2.4 0.800000000000001
2.4 0.900000000000001
2.4 1
2.4 1.1
2.4 1.2
2.4 1.3
2.4 1.4
2.4 1.5
2.4 1.6
2.4 1.7
2.4 1.8
2.4 1.9
2.5 -2
2.5 -1.9
2.5 -1.8
2.5 -1.7
2.5 -1.6
2.5 -1.5
2.5 -1.4
2.5 -1.3
2.5 -1.2
2.5 -1.1
2.5 -0.999999999999999
2.5 -0.899999999999999
2.5 -0.799999999999999
2.5 -0.699999999999999
2.5 -0.599999999999999
2.5 -0.499999999999999
2.5 -0.399999999999999
2.5 -0.299999999999999
2.5 -0.199999999999999
2.5 -0.0999999999999994
2.5 6.38378239159465E-16
2.5 0.100000000000001
2.5 0.200000000000001
2.5 0.300000000000001
2.5 0.400000000000001
2.5 0.500000000000001
2.5 0.600000000000001
2.5 0.700000000000001
2.5 0.800000000000001
2.5 0.900000000000001
2.5 1
2.5 1.1
2.5 1.2
2.5 1.3
2.5 1.4
2.5 1.5
2.5 1.6
2.5 1.7
2.5 1.8
2.5 1.9
2.6 -2
2.6 -1.9
2.6 -1.8
2.6 -1.7
2.6 -1.6
2.6 -1.5
2.6 -1.4
2.6 -1.3
2.6 -1.2
2.6 -1.1
2.6 -0.999999999999999
2.6 -0.899999999999999
2.6 -0.799999999999999
2.6 -0.699999999999999
2.6 -0.599999999999999
2.6 -0.499999999999999
2.6 -0.399999999999999
2.6 -0.299999999999999
2.6 -0.199999999999999
2.6 -0.0999999999999994
2.6 6.38378239159465E-16
2.6 0.100000000000001
2.6 0.200000000000001
2.6 0.300000000000001
2.6 0.400000000000001
2.6 0.500000000000001
2.6 0.600000000000001
2.6 0.700000000000001
2.6 0.800000000000001
2.6 0.900000000000001
2.6 1
2.6 1.1
2.6 1.2
2.6 1.3
2.6 1.4
2.6 1.5
2.6 1.6
2.6 1.7
2.6 1.8
2.6 1.9
2.7 -2
2.7 -1.9
2.7 -1.8
2.7 -1.7
2.7 -1.6
2.7 -1.5
2.7 -1.4
2.7 -1.3
2.7 -1.2
2.7 -1.1
2.7 -0.999999999999999
2.7 -0.899999999999999
2.7 -0.799999999999999
2.7 -0.699999999999999
2.7 -0.599999999999999
2.7 -0.499999999999999
2.7 -0.399999999999999
2.7 -0.299999999999999
2.7 -0.199999999999999
2.7 -0.0999999999999994
2.7 6.38378239159465E-16
2.7 0.100000000000001
2.7 0.200000000000001
2.7 0.300000000000001
2.7 0.400000000000001
2.7 0.500000000000001
2.7 0.600000000000001
2.7 0.700000000000001
2.7 0.800000000000001
2.7 0.900000000000001
2.7 1
2.7 1.1
2.7 1.2
2.7 1.3
2.7 1.4
2.7 1.5
2.7 1.6
2.7 1.7
2.7 1.8
2.7 1.9
2.8 -2
2.8 -1.9
2.8 -1.8
2.8 -1.7
2.8 -1.6
2.8 -1.5
2.8 -1.4
2.8 -1.3
2.8 -1.2
2.8 -1.1
2.8 -0.999999999999999
2.8 -0.899999999999999
2.8 -0.799999999999999
2.8 -0.699999999999999
2.8 -0.599999999999999
2.8 -0.499999999999999
2.8 -0.399999999999999
2.8 -0.299999999999999
2.8 -0.199999999999999
2.8 -0.0999999999999994
2.8 6.38378239159465E-16
2.8 0.100000000000001
2.8 0.200000000000001
2.8 0.300000000000001
2.8 0.400000000000001
2.8 0.500000000000001
2.8 0.600000000000001
2.8 0.700000000000001
2.8 0.800000000000001
2.8 0.900000000000001
2.8 1
2.8 1.1
2.8 1.2
2.8 1.3
2.8 1.4
2.8 1.5
2.8 1.6
2.8 1.7
2.8 1.8
2.8 1.9
2.9 -2
2.9 -1.9
2.9 -1.8
2.9 -1.7
2.9 -1.6
2.9 -1.5
2.9 -1.4
2.9 -1.3
2.9 -1.2
2.9 -1.1
2.9 -0.999999999999999
2.9 -0.899999999999999
2.9 -0.799999999999999
2.9 -0.699999999999999
2.9 -0.599999999999999
2.9 -0.499999999999999
2.9 -0.399999999999999
2.9 -0.299999999999999
2.9 -0.199999999999999
2.9 -0.0999999999999994
2.9 6.38378239159465E-16
2.9 0.100000000000001
2.9 0.200000000000001
2.9 0.300000000000001
2.9 0.400000000000001
2.9 0.500000000000001
2.9 0.600000000000001
2.9 0.700000000000001
2.9 0.800000000000001
2.9 0.900000000000001
2.9 1
2.9 1.1
2.9 1.2
2.9 1.3
2.9 1.4
2.9 1.5
2.9 1.6
2.9 1.7
2.9 1.8
2.9 1.9
3 -2
3 -1.9
3 -1.8
3 -1.7
3 -1.6
3 -1.5
3 -1.4
3 -1.3
3 -1.2
3 -1.1
3 -0.999999999999999
3 -0.899999999999999
3 -0.799999999999999
3 -0.699999999999999
3 -0.599999999999999
3 -0.499999999999999
3 -0.399999999999999
3 -0.299999999999999
3 -0.199999999999999
3 -0.0999999999999994
3 6.38378239159465E-16
3 0.100000000000001
3 0.200000000000001
3 0.300000000000001
3 0.400000000000001
3 0.500000000000001
3 0.600000000000001
3 0.700000000000001
3 0.800000000000001
3 0.900000000000001
3 1
3 1.1
3 1.2
3 1.3
3 1.4
3 1.5
3 1.6
3 1.7
3 1.8
3 1.9
3.1 -2
3.1 -1.9
3.1 -1.8
3.1 -1.7
3.1 -1.6
3.1 -1.5
3.1 -1.4
3.1 -1.3
3.1 -1.2
3.1 -1.1
3.1 -0.999999999999999
3.1 -0.899999999999999
3.1 -0.799999999999999
3.1 -0.699999999999999
3.1 -0.599999999999999
3.1 -0.499999999999999
3.1 -0.399999999999999
3.1 -0.299999999999999
3.1 -0.199999999999999
3.1 -0.0999999999999994
3.1 6.38378239159465E-16
3.1 0.100000000000001
3.1 0.200000000000001
3.1 0.300000000000001
3.1 0.400000000000001
3.1 0.500000000000001
3.1 0.600000000000001
3.1 0.700000000000001
3.1 0.800000000000001
3.1 0.900000000000001
3.1 1
3.1 1.1
3.1 1.2
3.1 1.3
3.1 1.4
3.1 1.5
3.1 1.6
3.1 1.7
3.1 1.8
3.1 1.9
3.2 -2
3.2 -1.9
3.2 -1.8
3.2 -1.7
3.2 -1.6
3.2 -1.5
3.2 -1.4
3.2 -1.3
3.2 -1.2
3.2 -1.1
3.2 -0.999999999999999
3.2 -0.899999999999999
3.2 -0.799999999999999
3.2 -0.699999999999999
3.2 -0.599999999999999
3.2 -0.499999999999999
3.2 -0.399999999999999
3.2 -0.299999999999999
3.2 -0.199999999999999
3.2 -0.0999999999999994
3.2 6.38378239159465E-16
3.2 0.100000000000001
3.2 0.200000000000001
3.2 0.300000000000001
3.2 0.400000000000001
3.2 0.500000000000001
3.2 0.600000000000001
3.2 0.700000000000001
3.2 0.800000000000001
3.2 0.900000000000001
3.2 1
3.2 1.1
3.2 1.2
3.2 1.3
3.2 1.4
3.2 1.5
3.2 1.6
3.2 1.7
3.2 1.8
3.2 1.9
3.3 -2
3.3 -1.9
3.3 -1.8
3.3 -1.7
3.3 -1.6
3.3 -1.5
3.3 -1.4
3.3 -1.3
3.3 -1.2
3.3 -1.1
3.3 -0.999999999999999
3.3 -0.899999999999999
3.3 -0.799999999999999
3.3 -0.699999999999999
3.3 -0.599999999999999
3.3 -0.499999999999999
3.3 -0.399999999999999
3.3 -0.299999999999999
3.3 -0.199999999999999
3.3 -0.0999999999999994
3.3 6.38378239159465E-16
3.3 0.100000000000001
3.3 0.200000000000001
3.3 0.300000000000001
3.3 0.400000000000001
3.3 0.500000000000001
3.3 0.600000000000001
3.3 0.700000000000001
3.3 0.800000000000001
3.3 0.900000000000001
3.3 1
3.3 1.1
3.3 1.2
3.3 1.3
3.3 1.4
3.3 1.5
3.3 1.6
3.3 1.7
3.3 1.8
3.3 1.9
3.4 -2
3.4 -1.9
3.4 -1.8
3.4 -1.7
3.4 -1.6
3.4 -1.5
3.4 -1.4
3.4 -1.3
3.4 -1.2
3.4 -1.1
3.4 -0.999999999999999
3.4 -0.899999999999999
3.4 -0.799999999999999
3.4 -0.699999999999999
3.4 -0.599999999999999
3.4 -0.499999999999999
3.4 -0.399999999999999
3.4 -0.299999999999999
3.4 -0.199999999999999
3.4 -0.0999999999999994
3.4 6.38378239159465E-16
3.4 0.100000000000001
3.4 0.200000000000001
3.4 0.300000000000001
3.4 0.400000000000001
3.4 0.500000000000001
3.4 0.600000000000001
3.4 0.700000000000001
3.4 0.800000000000001
3.4 0.900000000000001
3.4 1
3.4 1.1
3.4 1.2
3.4 1.3
3.4 1.4
3.4 1.5
3.4 1.6
3.4 1.7
3.4 1.8
3.4 1.9
3.5 -2
3.5 -1.9
3.5 -1.8
3.5 -1.7
3.5 -1.6
3.5 -1.5
3.5 -1.4
3.5 -1.3
3.5 -1.2
3.5 -1.1
3.5 -0.999999999999999
3.5 -0.899999999999999
3.5 -0.799999999999999
3.5 -0.699999999999999
3.5 -0.599999999999999
3.5 -0.499999999999999
3.5 -0.399999999999999
3.5 -0.299999999999999
3.5 -0.199999999999999
3.5 -0.0999999999999994
3.5 6.38378239159465E-16
3.5 0.100000000000001
3.5 0.200000000000001
3.5 0.300000000000001
3.5 0.400000000000001
3.5 0.500000000000001
3.5 0.600000000000001
3.5 0.700000000000001
3.5 0.800000000000001
3.5 0.900000000000001
3.5 1
3.5 1.1
3.5 1.2
3.5 1.3
3.5 1.4
3.5 1.5
3.5 1.6
3.5 1.7
3.5 1.8
3.5 1.9
3.6 -2
3.6 -1.9
3.6 -1.8
3.6 -1.7
3.6 -1.6
3.6 -1.5
3.6 -1.4
3.6 -1.3
3.6 -1.2
3.6 -1.1
3.6 -0.999999999999999
3.6 -0.899999999999999
3.6 -0.799999999999999
3.6 -0.699999999999999
3.6 -0.599999999999999
3.6 -0.499999999999999
3.6 -0.399999999999999
3.6 -0.299999999999999
3.6 -0.199999999999999
3.6 -0.0999999999999994
3.6 6.38378239159465E-16
3.6 0.100000000000001
3.6 0.200000000000001
3.6 0.300000000000001
3.6 0.400000000000001
3.6 0.500000000000001
3.6 0.600000000000001
3.6 0.700000000000001
3.6 0.800000000000001
3.6 0.900000000000001
3.6 1
3.6 1.1
3.6 1.2
3.6 1.3
3.6 1.4
3.6 1.5
3.6 1.6
3.6 1.7
3.6 1.8
3.6 1.9
3.7 -2
3.7 -1.9
3.7 -1.8
3.7 -1.7
3.7 -1.6
3.7 -1.5
3.7 -1.4
3.7 -1.3
3.7 -1.2
3.7 -1.1
3.7 -0.999999999999999
3.7 -0.899999999999999
3.7 -0.799999999999999
3.7 -0.699999999999999
3.7 -0.599999999999999
3.7 -0.499999999999999
3.7 -0.399999999999999
3.7 -0.299999999999999
3.7 -0.199999999999999
3.7 -0.0999999999999994
3.7 6.38378239159465E-16
3.7 0.100000000000001
3.7 0.200000000000001
3.7 0.300000000000001
3.7 0.400000000000001
3.7 0.500000000000001
3.7 0.600000000000001
3.7 0.700000000000001
3.7 0.800000000000001
3.7 0.900000000000001
3.7 1
3.7 1.1
3.7 1.2
3.7 1.3
3.7 1.4
3.7 1.5
3.7 1.6
3.7 1.7
3.7 1.8
3.7 1.9
3.8 -2
3.8 -1.9
3.8 -1.8
3.8 -1.7
3.8 -1.6
3.8 -1.5
3.8 -1.4
3.8 -1.3
3.8 -1.2
3.8 -1.1
3.8 -0.999999999999999
3.8 -0.899999999999999
3.8 -0.799999999999999
3.8 -0.699999999999999
3.8 -0.599999999999999
3.8 -0.499999999999999
3.8 -0.399999999999999
3.8 -0.299999999999999
3.8 -0.199999999999999
3.8 -0.0999999999999994
3.8 6.38378239159465E-16
3.8 0.100000000000001
3.8 0.200000000000001
3.8 0.300000000000001
3.8 0.400000000000001
3.8 0.500000000000001
3.8 0.600000000000001
3.8 0.700000000000001
3.8 0.800000000000001
3.8 0.900000000000001
3.8 1
3.8 1.1
3.8 1.2
3.8 1.3
3.8 1.4
3.8 1.5
3.8 1.6
3.8 1.7
3.8 1.8
3.8 1.9
3.9 -2
3.9 -1.9
3.9 -1.8
3.9 -1.7
3.9 -1.6
3.9 -1.5
3.9 -1.4
3.9 -1.3
3.9 -1.2
3.9 -1.1
3.9 -0.999999999999999
3.9 -0.899999999999999
3.9 -0.799999999999999
3.9 -0.699999999999999
3.9 -0.599999999999999
3.9 -0.499999999999999
3.9 -0.399999999999999
3.9 -0.299999999999999
3.9 -0.199999999999999
3.9 -0.0999999999999994
3.9 6.38378239159465E-16
3.9 0.100000000000001
3.9 0.200000000000001
3.9 0.300000000000001
3.9 0.400000000000001
3.9 0.500000000000001
3.9 0.600000000000001
3.9 0.700000000000001
3.9 0.800000000000001
3.9 0.900000000000001
3.9 1
3.9 1.1
3.9 1.2
3.9 1.3
3.9 1.4
3.9 1.5
3.9 1.6
3.9 1.7
3.9 1.8
3.9 1.9
