0 0.993468499274469 0.0943913206801103 0
0.05 0.99645414728269 0.0252650147336335 0.0497624685249931
0.1 0.996020498539532 -0.0423322065060768 0.0995884183907572
0.15 0.992251057417768 -0.108122438388905 0.149308914464426
0.2 0.985242589476531 -0.171853519059677 0.198759533724248
0.25 0.975103776459674 -0.23330135913851 0.247780995179128
0.3 0.961953752413597 -0.292272368300394 0.296219719586395
0.35 0.94592051628061 -0.348605963087081 0.343928312904457
0.4 0.927139218368664 -0.40217708755671 0.390765967224935
0.45 0.905750323093497 -0.452898613709521 0.436598772910298
0.5 0.881897658814614 -0.500723417190721 0.481299935978547
0.55 0.855726377591888 -0.545645853572217 0.524749895603045
0.6 0.827380862958603 -0.587702302098285 0.566836338106427
0.65 0.797002641449032 -0.6269704093869 0.60745410616619
0.7 0.764728372117094 -0.663566667739882 0.646505005199303
0.75 0.730688005525382 -0.69764201235859 0.683897513046423
0.8 0.695003217097815 -0.729375226021678 0.719546404007322
0.85 0.657786226525546 -0.758964099820575 0.753372303727047
0.9 0.619139112434909 -0.786614507788506 0.785301196998474
0.95 0.579153717652961 -0.812527796439733 0.815263915711252
1 0.537912214002914 -0.836887143678759 0.843195638336721
1.05 0.495488356852371 -0.85984377485856 0.869035434866037
1.1 0.451949410469783 -0.881504103050576 0.892725891438124
1.15 0.407358669160182 -0.901918952809877 0.914212846564064
1.2 0.361778441214874 -0.921076004854091 0.933445265650165
1.25 0.31527330907999 -0.938896447184801 0.950375272501331
1.3 0.267913436414342 -0.955236535568708 0.964958346029246
1.35 0.219777667056243 -0.969894369891988 0.977153678199503
1.4 0.170956157248426 -0.982621717197582 0.986924676311683
1.45 0.121552303566275 -0.993140206435986 0.994239580195723
1.5 0.0716837749230263 -1.00116074259012 0.999072154078697
1.55 0.0214825248496982 -1.0064045991232 1.00140240490924
1.6 -0.0289062558497289 -1.00862440117812 1.00121727478282
1.65 -0.0793261941392035 -1.0076231462886 0.99851125539807
1.7 -0.129612655380149 -1.00326954187224 0.993286877352874
1.75 -0.179596308738103 -0.995508261844383 0.985555036229335
1.8 -0.229107058138036 -0.984364205747301 0.975335130018182
1.85 -0.27797802804112 -0.96994042905579 0.96265499730416
1.9 -0.326049292287635 -0.952410034839115 0.947550661325843
1.95 -0.373171063683336 -0.932002901844628 0.930065899997258
2 -0.419206118332002 -0.908988604529893 0.910251674787085
2.05 -0.46403130530055 -0.883657203138443 0.888165460803689
2.1 -0.507538080246982 -0.856299714411835 0.863870525731537
2.15 -0.549632091354859 -0.82719000875478 0.837435206076591
2.2 -0.590231927781245 -0.796569635314927 0.80893222566348
2.25 -0.629267206755438 -0.764636691427367 0.778438094088243
2.3 -0.666676219726583 -0.731539380850982 0.746032612818503
2.35 -0.702403377694372 -0.697374406384169 0.711798505015477
2.4 -0.736396691209294 -0.662189875061791 0.675821173164204
2.45 -0.768605494344125 -0.625992007083914 0.638188577397862
2.5 -0.798978579154782 -0.588754666974141 0.598991217949746
2.55 -0.827462853973099 -0.550430593679656 0.558322198140375
2.6 -0.854002581891511 -0.510963194267374 0.516277340062226
2.65 -0.878539201143932 -0.470297867218452 0.472955323694161
2.7 -0.901011681781095 -0.428392008757765 0.428457821314228
2.75 -0.921357336569681 -0.385223095949788 0.382889602321528
2.8 -0.939512980198626 -0.340794499430256 0.336358588331572
2.85 -0.955416319812178 -0.295138926210744 0.288975844033685
2.9 -0.969007460404995 -0.248319605340336 0.2408554951794
2.95 -0.98023041853201 -0.200429491133529 0.192114570679856
3 -0.98903455438602 -0.151588863666018 0.142872770724443
3.05 -0.995375852734112 -0.101941755524638 0.0932521668295583
3.1 -0.999218004853594 -0.0516516345535024 0.0433768426607013
3.15 -1.00053326430565 -0.000896735520906786 -0.00662751366110981
3.2 -0.999303067562955 0.0501346282130097 -0.0566340541668462
3.25 -0.995518425225457 0.101248516568391 -0.106515240893533
3.3 -0.989180100451098 0.152249398533542 -0.156143329892542
3.35 -0.980298598396733 0.20294366325461 -0.205390859325157
3.4 -0.968893994343067 0.253142557772433 -0.254131132877673
3.45 -0.954995629392387 0.302664549106367 -0.302238691152021
3.5 -0.938641701876006 0.351337140806424 -0.349589765120309
3.55 -0.919878780559253 0.398998193878924 -0.396062707091381
3.6 -0.898761262963188 0.44549681142028 -0.441538395874642
3.65 -0.87535079908499 0.490693848067509 -0.485900613916791
3.69999999999999 -0.849715697808334 0.534462102155606 -0.529036395125736
3.74999999999999 -0.821930330540951 0.576686242580594 -0.570836342890468
3.79999999999999 -0.792074544184896 0.61726251561183 -0.6111949184703
3.84999999999999 -0.760233093445631 0.656098270526587 -0.650010700478372
3.89999999999999 -0.726495100679437 0.693111337678943 -0.687186616638332
3.94999999999999 -0.690953549900532 0.728229288754198 -0.722630149362849
3.99999999999999 -0.65370482014934 0.761388606468682 -0.75625351699765
4.04999999999999 -0.614848262098397 0.792533789615183 -0.787973832801435
4.09999999999999 -0.574485820494189 0.821616418781327 -0.817713243893802
4.14999999999999 -0.532721703771775 0.848594207909227 -0.845399052501635
4.19999999999999 -0.489662100922589 0.873430066773182 -0.870963821869818
4.24999999999999 -0.445414944448271 0.896091199142344 -0.89434546917494
4.29999999999999 -0.400089717011411 0.916548260656463 -0.915487347691544
4.34999999999999 -0.35379729822266 0.93477459914277 -0.934338320311521
4.39999999999999 -0.306649846912666 0.950745598180243 -0.950852826311484
4.44999999999999 -0.258760713258049 0.964438142174383 -0.964990943005424
4.49999999999999 -0.210244374293129 0.975830218090264 -0.976718443616792
4.54999999999999 -0.161216385669965 0.984900665388931 -0.986006852363255
4.59999999999999 -0.111793342050228 0.991629081731568 -0.992833497377732
4.64999999999999 -0.0620928382392514 0.995995887781675 -0.997181561700722
4.69999999999999 -0.0122334231147977 0.997982550078838 -0.999040132182162
4.74999999999999 0.0376654614366249 0.997571956610268 -0.998404245736732
4.79999999999999 0.0874835639882639 0.994748935495334 -0.995274932015688
4.84999999999999 0.137099936279376 0.989500903242268 -0.989659251201327
4.89999999999999 0.186393081223568 0.981818625442447 -0.98157032530703
4.94999999999999 0.235241141346297 0.971697069629101 -0.971027361085366
4.99999999999999 0.283522131697433 0.959136327421464 -0.958055662416881
5.04999999999999 0.331114220087959 0.944142581062824 -0.942686629879419
5.09999999999999 0.377896056218171 0.926729088084113 -0.924957745087091
5.14999999999999 0.423747149930617 0.906917157108372 -0.904912537342873
5.19999999999999 0.468548297467806 0.884737087762058 -0.882600530170954
5.24999999999999 0.512182053275483 0.860229048265952 -0.858077165384582
5.29999999999999 0.554533243599235 0.833443865514005 -0.831403702500662
5.34999999999999 0.595489516905857 0.80444370427034 -0.802647091530807
5.39999999999999 0.634941925049115 0.773302614466867 -0.771879817455212
5.44999999999999 0.672785528117278 0.740106928399052 -0.739179715014925
5.49999999999999 0.708920015068268 0.704955492818407 -0.704629752832629
5.54999999999999 0.743250331594687 0.667959724423385 -0.668317786284127
5.59999999999999 0.775687306178285 0.62924348096687 -0.630336278983402
5.64999999999999 0.806148265000011 0.588942744037599 -0.590781993204328
5.69999999999999 0.834557626271465 0.547205113443918 -0.549755650032067
5.74999999999999 0.860847464645778 0.50418911694287 -0.507361560507438
5.79999999999999 0.884958036645724 0.460063342731965 -0.463707229488363
5.84999999999999 0.906838258505166 0.415005405577478 -0.418902934394916
5.89999999999999 0.926446128444241 0.369200760622286 -0.373061281419703
5.94999999999999 0.943749086172884 0.32284138173767 -0.326296742165552
5.99999999999999 0.95872430332291 0.276124323707383 -0.278725174010598
6.04999999999999 0.971358899524797 0.229250189519462 -0.23046332779088
6.09999999999999 0.981650079949188 0.182421525564438 -0.181628346627454
6.14999999999999 0.989605191301131 0.135841168581583 -0.132337259905054
6.19999999999999 0.995241694463137 0.0897105687530263 -0.0827064765298553
6.24999999999999 0.998587053207071 0.0442281134251311 -0.0328512816535005
