0 1 0 0
0.261799387799149 0.965925826289068 -0.258819045102521 0.258819045102521
0.523598775598299 0.866025403784439 -0.5 0.5
0.785398163397448 0.707106781186548 -0.707106781186547 0.707106781186547
1.0471975511966 0.5 -0.866025403784439 0.866025403784439
1.30899693899575 0.258819045102521 -0.965925826289068 0.965925826289068
1.5707963267949 6.12303176911189E-17 -1 1
1.83259571459405 -0.258819045102521 -0.965925826289068 0.965925826289068
2.0943951023932 -0.5 -0.866025403784439 0.866025403784439
2.35619449019234 -0.707106781186547 -0.707106781186548 0.707106781186548
2.61799387799149 -0.866025403784439 -0.5 0.5
2.87979326579064 -0.965925826289068 -0.258819045102521 0.258819045102521
3.14159265358979 -1 -1.22460635382238E-16 1.22460635382238E-16
3.40339204138894 -0.965925826289068 0.258819045102521 -0.258819045102521
3.66519142918809 -0.866025403784439 0.5 -0.5
3.92699081698724 -0.707106781186548 0.707106781186547 -0.707106781186547
4.18879020478639 -0.5 0.866025403784438 -0.866025403784438
4.45058959258554 -0.258819045102521 0.965925826289068 -0.965925826289068
4.71238898038469 -1.83690953073357E-16 1 -1
4.97418836818384 0.25881904510252 0.965925826289068 -0.965925826289068
5.23598775598299 0.5 0.866025403784439 -0.866025403784439
5.49778714378214 0.707106781186547 0.707106781186548 -0.707106781186548
5.75958653158129 0.866025403784438 0.5 -0.5
6.02138591938044 0.965925826289068 0.258819045102522 -0.258819045102522
6.28318530717959 1 2.44921270764475E-16 -2.44921270764475E-16
