0 0 0 0.999999913373438
0.0518362787842316 0.05181306792017 0.00134309880536392 0.998656855526276
0.103672557568463 0.103486942390559 0.00536914938484608 0.994630972246089
0.155508836352695 0.154882809089332 0.0120671401719659 0.987932842868221
0.207345115136926 0.205862602139513 0.0214190935241015 0.978580545975244
0.259181393921158 0.256289370567189 0.0333998972433441 0.966599606010702
0.31101767270539 0.306027641992875 0.0479772026544913 0.952022819213095
0.362853951489621 0.354943792868958 0.0651122850101514 0.934888318511686
0.414690230273853 0.402906421039528 0.0847587997290163 0.915241596109724
0.466526509058084 0.449786687398698 0.106863988412275 0.89313568853129
0.518362787842316 0.49545865641814 0.131368482076084 0.868630537964884
0.570199066626548 0.53979963041293 0.15820646086605 0.841792812429364
0.622035345410779 0.582690477005672 0.187305713949111 0.812694974513922
0.673871624195011 0.624015972747496 0.21858837488219 0.781412723833219
0.725707902979242 0.663665115181853 0.251970180720481 0.748030163169097
0.777544181763474 0.701531400334347 0.287361471901341 0.71263768322652
0.829380460547705 0.737513104564479 0.324667184749937 0.67533131893262
0.881216739331937 0.771513554659399 0.363787107655413 0.636212460659703
0.933053018116169 0.803441392023284 0.40461608211578 0.595385290050252
0.9848892969004 0.83321085597817 0.447044608030603 0.552956684105922
1.03672557568463 0.860741992034412 0.490958566708943 0.509041433655836
1.08856185446886 0.885960848490758 0.536240000726073 0.463758582961491
1.1403981332531 0.908799672473967 0.582767273812977 0.417231013200097
1.19223441203733 0.929197090056587 0.630415321184057 0.369585000786908
1.24407069082156 0.947098289484245 0.679056345248506 0.320945478538003
1.29590696960579 0.962455202234933 0.728559524989868 0.27144162190225
1.34774324839002 0.975226591025156 0.778791888444198 0.22120760076229
1.39957952717425 0.985378150720624 0.829618499317334 0.170379652535709
1.45141580595849 0.99288259928383 0.88090282093118 0.119095673208278
1.50325208474272 0.99771975170199 0.932507069674226 0.0674941066201528
1.55508836352695 0.999876609646086 0.9842926590003 0.015709255875999
1.60692464231118 0.99934740458661 1.03612043478162 -0.0361196999191427
1.65876092109541 0.996133571885887 1.08785117360461 -0.0878521878378425
1.71059719987964 0.990243743910823 1.13934590880969 -0.139347893711259
1.76243347866388 0.981693727157623 1.19046630549116 -0.190467183462532
1.81426975744811 0.970506465780032 1.24107506147122 -0.241073399061597
1.86610603623234 0.956712023917741 1.29103615317038 -0.291034504371311
1.91794231501657 0.940347482074053 1.34021541029062 -0.340215203020192
1.9697785938008 0.92145681006431 1.38848071797394 -0.388482053003561
2.02161487258503 0.900090749653055 1.43570241463446 -0.435704172462574
2.07345115136927 0.876306680043863 1.48175364198175 -0.481753632369052
2.1252874301535 0.850168477979007 1.52651073832044 -0.526509046170726
2.17712370893773 0.821746380627902 1.56985333704549 -0.569852197506271
2.22895998772196 0.791116757406092 1.61166509728339 -0.611665350614848
2.28079626650619 0.75836189403604 1.65183369080396 -0.651835042484765
2.33263254529042 0.723569773972113 1.69025120374176 -0.690252424100259
2.38446882407465 0.686833845344118 1.72681455270122 -0.726813798506633
2.43630510285889 0.648252791282385 1.76142519795707 -0.761423870924301
2.48814138164312 0.607930274575956 1.79399038187612 -0.793989815395316
2.53997766042735 0.565974626153885 1.82442261160982 -0.824423098923488
2.59181393921158 0.522498553456209 1.85264012503541 -0.852641162079065
2.64365021799581 0.477618841241635 1.87856711179618 -0.87856766706068
2.69548649678004 0.431456042960702 1.90213404464751 -0.902133253000444
2.74732277556427 0.384134175582099 1.92327728837876 -0.923276553928673
2.79915905434851 0.335780375801164 1.94194027725198 -0.941940159653526
2.85099533313274 0.286524543017347 1.95807286118403 -0.958073266297672
2.90283161191697 0.236498993840043 1.97163169056646 -0.971632166801499
2.9546678907012 0.185838110903708 1.98258033367035 -0.982580381651119
3.00650416948543 0.134677987408739 1.99088948667061 -0.990889115175746
3.05834044826966 0.0831560661529201 1.99653653773286 -0.996536411335751
3.11017672705389 0.0314107578019977 1.99950653056705 -0.999506595523241
3.16201300583813 -0.02041893176322 1.99979147092799 -0.99979148658173
3.21384928462236 -0.0721937704502529 1.99739058203622 -0.997390437166909
3.26568556340659 -0.123774669539367 1.9923105018416 -0.992310324703661
3.31752184219082 -0.175023056824489 1.98456437913752 -0.984564645876655
3.36935812097505 -0.225801259335629 1.97417337646291 -0.974173680537596
3.42119439975928 -0.275972871434265 1.96116538780463 -0.961165311982014
3.47303067854352 -0.325403116230931 1.94557534249875 -0.945574771035722
3.52486695732775 -0.373959203307619 1.92744511152863 -0.927444530789335
3.57670323611198 -0.421510681799638 1.90682354030009 -0.90682388011831
3.62853951489621 -0.467929804272596 1.88376565039257 -0.883766521436218
3.68037579368044 -0.513091880328526 1.85833365780865 -0.858334092244295
3.73221207246467 -0.556875595264653 1.83059586405052 -0.830595367572219
3.7840483512489 -0.599163330901595 1.80062677070656 -0.800625598964219
3.83588463003314 -0.639841477808707 1.76850687884201 -0.768506288355338
3.88772090881737 -0.678800740690812 1.73432256713925 -0.734323614558479
3.9395571876016 -0.715936463019805 1.69816541908184 -0.698166662432744
3.99139346638583 -0.75114889975361 1.66013275316027 -0.66013299478775
4.04322974517006 -0.784343465158496 1.62032672473128 -0.620325659532005
4.09506602395429 -0.815430983420482 1.57885425878303 -0.578852683715693
4.14690230273853 -0.844327925502014 1.53582688337808 -0.535826748562164
4.19873858152276 -0.87095664366387 1.49135987167494 -0.491361520645203
4.25057486030699 -0.895245618485116 1.44557290873363 -0.445574192558928
4.30241113909122 -0.917129618136973 1.39858897971598 -0.398588782909387
4.35424741787545 -0.93654985964071 1.35053429133978 -0.35053269272468
4.40608369665969 -0.953454164727216 1.30153793160526 -0.301536323274873
4.45791997544392 -0.967797098976753 1.25173157079675 -0.251732383576307
4.50975625422815 -0.979540120762922 1.20124887741101 -0.201250823778621
4.56159253301238 -0.988651707788792 1.15022556869055 -0.15022657457765
4.61342881179661 -0.995107398594656 1.09879870303665 -0.0987979746898653
4.66526509058084 -0.998889852098861 1.04710642783926 -0.0471045129209915
4.71710136936508 -0.999988893589653 0.995287606788523 0.00471359067754713
4.76893764814931 -0.998401544825084 0.943481440728591 0.0565170438106716
4.82077392693354 -0.994132073616916 0.891827109095595 0.108171020301001
4.87261020571777 -0.987191974648784 0.840463376338516 0.159536102224991
4.924446484502 -0.977599902972189 0.789528221993613 0.210472948968554
4.97628276328624 -0.965381622972078 0.739158477402007 0.260843413531442
5.02811904207047 -0.950569940091364 0.689489456413079 0.310510957261702
5.0799553208547 -0.933204622532851 0.640654551979615 0.359343653676349
5.13179159963893 -0.9133323367642 0.59278505087063 0.407213470968375
5.18362787842316 -0.891006487989264 0.546009482272436 0.453990515708754
5.2354641572074 -0.866287057694448 0.500453506123748 0.499547861030229
5.28730043599163 -0.839240444150598 0.456239507126275 0.543762002042064
5.33913671477586 -0.809939286433934 0.413486154352182 0.586513288752957
5.39097299356009 -0.778462288129177 0.372308576433193 0.627689792561983
5.44280927234432 -0.744894029629793 0.332817204124039 0.667181877720581
5.49464555112856 -0.709324701498844 0.295118133327268 0.704882240030323
5.54648182991279 -0.671849857091043 0.259312645665106 0.740688588409176
5.59831810869702 -0.632570158984279 0.225496934816359 0.774503944510109
5.65015438748125 -0.591591112475209 0.193761721481682 0.806237371504422
5.70199066626548 -0.54902280449467 0.164192578521641 0.835806273413097
5.75382694504972 -0.504979608781564 0.136868714458454 0.863130896473081
5.80566322383395 -0.459579840247758 0.111863543759988 0.888137049244583
5.85749950261818 -0.412945479272414 0.0892442502957283 0.910755966149566
5.90933578140241 -0.36520175626568 0.0690716048502281 0.930930453320695
5.96117206018664 -0.316476927493142 0.0513996858455115 0.948596066395417
6.01300833897087 -0.266902206630553 0.0362762677728052 0.963726686077472
6.06484461775511 -0.216609161587857 0.0237417729661341 0.976270458867269
6.11668089653934 -0.165738405097336 0.0138298637711566 0.986071541611633
6.16851717532357 -0.114412912031432 0.00656710997416204 0.993846686674094
