0 0 0 1
0.0628318530717959 0.0627905195293134 0.00197327157172844 0.998026728428272
0.125663706143592 0.125333233564304 0.00788529868552212 0.992114701314478
0.188495559215388 0.187381314585725 0.0177127492713113 0.982287250728689
0.251327412287183 0.248689887164855 0.0314168388713689 0.968583161128631
0.314159265358979 0.309016994374947 0.0489434837048465 0.951056516295154
0.376991118430775 0.368124552684678 0.0702235141117487 0.929776485888251
0.439822971502571 0.425779291565073 0.0951729475339805 0.904827052466019
0.502654824574367 0.481753674101715 0.123693319956136 0.876306680043864
0.565486677646163 0.535826794978997 0.155672074497985 0.844327925502015
0.628318530717959 0.587785252292473 0.190983005625053 0.809016994374947
0.691150383789755 0.63742398974869 0.229486757224211 0.770513242775789
0.75398223686155 0.684547105928689 0.271031372578588 0.728968627421412
0.816814089933346 0.728968627421412 0.315452894071311 0.684547105928689
0.879645943005142 0.770513242775789 0.36257601025131 0.63742398974869
0.942477796076938 0.809016994374947 0.412214747707527 0.587785252292473
1.00530964914873 0.844327925502015 0.464173205021003 0.535826794978997
1.06814150222053 0.876306680043864 0.518246325898285 0.481753674101715
1.13097335529233 0.90482705246602 0.574220708434927 0.425779291565073
1.19380520836412 0.929776485888251 0.631875447315322 0.368124552684678
1.25663706143592 0.951056516295154 0.690983005625053 0.309016994374947
1.31946891450771 0.968583161128631 0.751310112835145 0.248689887164855
1.38230076757951 0.982287250728689 0.812618685414276 0.187381314585725
1.4451326206513 0.992114701314478 0.874666766435696 0.125333233564304
1.5079644737231 0.998026728428272 0.937209480470687 0.0627905195293133
1.5707963267949 1 1 -1.60814287233912E-16
1.63362817986669 0.998026728428272 1.06279051952931 -0.0627905195293134
1.69646003293849 0.992114701314478 1.1253332335643 -0.125333233564304
1.75929188601028 0.982287250728689 1.18738131458572 -0.187381314585725
1.82212373908208 0.968583161128631 1.24868988716485 -0.248689887164855
1.88495559215388 0.951056516295154 1.30901699437495 -0.309016994374948
1.94778744522567 0.929776485888251 1.36812455268468 -0.368124552684678
2.01061929829747 0.904827052466019 1.42577929156507 -0.425779291565073
2.07345115136926 0.876306680043863 1.48175367410172 -0.481753674101715
2.13628300444106 0.844327925502015 1.535826794979 -0.535826794978997
2.19911485751286 0.809016994374947 1.58778525229247 -0.587785252292473
2.26194671058465 0.770513242775789 1.63742398974869 -0.63742398974869
2.32477856365645 0.728968627421411 1.68454710592869 -0.684547105928689
2.38761041672824 0.684547105928689 1.72896862742141 -0.728968627421412
2.45044226980004 0.63742398974869 1.77051324277579 -0.770513242775789
2.51327412287183 0.587785252292473 1.80901699437495 -0.809016994374947
2.57610597594363 0.535826794978997 1.84432792550202 -0.844327925502015
2.63893782901543 0.481753674101715 1.87630668004386 -0.876306680043864
2.70176968208722 0.425779291565072 1.90482705246602 -0.90482705246602
2.76460153515902 0.368124552684678 1.92977648588825 -0.929776485888251
2.82743338823081 0.309016994374947 1.95105651629515 -0.951056516295154
2.89026524130261 0.248689887164855 1.96858316112863 -0.968583161128631
2.95309709437441 0.187381314585725 1.98228725072869 -0.982287250728689
3.0159289474462 0.125333233564304 1.99211470131448 -0.992114701314478
3.078760800518 0.0627905195293131 1.99802672842827 -0.998026728428272
3.14159265358979 -3.21628574467825E-16 2 -1
3.20442450666159 -0.0627905195293133 1.99802672842827 -0.998026728428272
3.26725635973339 -0.125333233564304 1.99211470131448 -0.992114701314478
3.33008821280518 -0.187381314585725 1.98228725072869 -0.982287250728689
3.39292006587698 -0.248689887164855 1.96858316112863 -0.968583161128631
3.45575191894877 -0.309016994374948 1.95105651629515 -0.951056516295154
3.51858377202057 -0.368124552684678 1.92977648588825 -0.929776485888251
3.58141562509236 -0.425779291565073 1.90482705246602 -0.904827052466019
3.64424747816416 -0.481753674101715 1.87630668004386 -0.876306680043863
3.70707933123596 -0.535826794978997 1.84432792550201 -0.844327925502015
3.76991118430775 -0.587785252292473 1.80901699437495 -0.809016994374947
3.83274303737955 -0.63742398974869 1.77051324277579 -0.770513242775789
3.89557489045134 -0.684547105928689 1.72896862742141 -0.728968627421412
3.95840674352314 -0.728968627421412 1.68454710592869 -0.684547105928689
4.02123859659494 -0.770513242775789 1.63742398974869 -0.63742398974869
4.08407044966673 -0.809016994374947 1.58778525229247 -0.587785252292473
4.14690230273853 -0.844327925502015 1.535826794979 -0.535826794978996
4.20973415581032 -0.876306680043864 1.48175367410172 -0.481753674101715
4.27256600888212 -0.90482705246602 1.42577929156507 -0.425779291565072
4.33539786195391 -0.929776485888251 1.36812455268468 -0.368124552684678
4.39822971502571 -0.951056516295154 1.30901699437495 -0.309016994374948
4.46106156809751 -0.968583161128631 1.24868988716485 -0.248689887164854
4.5238934211693 -0.982287250728689 1.18738131458572 -0.187381314585725
4.5867252742411 -0.992114701314478 1.1253332335643 -0.125333233564304
4.64955712731289 -0.998026728428272 1.06279051952931 -0.0627905195293132
4.71238898038469 -1 1 -1.83690953073357E-16
4.77522083345649 -0.998026728428272 0.937209480470686 0.0627905195293137
4.83805268652828 -0.992114701314478 0.874666766435696 0.125333233564304
4.90088453960008 -0.982287250728689 0.812618685414275 0.187381314585725
4.96371639267187 -0.968583161128631 0.751310112835145 0.248689887164855
5.02654824574367 -0.951056516295154 0.690983005625053 0.309016994374947
5.08938009881547 -0.929776485888251 0.631875447315322 0.368124552684678
5.15221195188726 -0.90482705246602 0.574220708434927 0.425779291565073
5.21504380495906 -0.876306680043863 0.518246325898284 0.481753674101716
5.27787565803085 -0.844327925502015 0.464173205021003 0.535826794978997
5.34070751110265 -0.809016994374947 0.412214747707526 0.587785252292474
5.40353936417444 -0.770513242775789 0.36257601025131 0.63742398974869
5.46637121724624 -0.728968627421412 0.315452894071311 0.684547105928689
5.52920307031804 -0.684547105928688 0.271031372578588 0.728968627421412
5.59203492338983 -0.63742398974869 0.229486757224211 0.770513242775789
5.65486677646163 -0.587785252292473 0.190983005625052 0.809016994374948
5.71769862953342 -0.535826794978996 0.155672074497985 0.844327925502015
5.78053048260522 -0.481753674101715 0.123693319956136 0.876306680043864
5.84336233567702 -0.425779291565072 0.0951729475339803 0.90482705246602
5.90619418874881 -0.368124552684678 0.0702235141117485 0.929776485888251
5.96902604182061 -0.309016994374947 0.0489434837048462 0.951056516295154
6.0318578948924 -0.248689887164854 0.0314168388713688 0.968583161128631
6.0946897479642 -0.187381314585725 0.0177127492713113 0.982287250728689
6.157521601036 -0.125333233564304 0.00788529868552212 0.992114701314478
6.22035345410779 -0.0627905195293133 0.00197327157172844 0.998026728428272
