0 0 0 0.999342156239841
0.0518362787842316 0.0518021786116835 0.00134261608607289 0.999342156239841
0.103672557568463 0.103471471527037 0.00536810709929567 0.994806617264966
0.155508836352695 0.154898522909665 0.0120661945634516 0.987820898164811
0.207345115136926 0.205851329776399 0.0214183360413355 0.978103952771512
0.259181393921158 0.256297788227868 0.0333986385816651 0.967449146144099
0.31101767270539 0.306029741656118 0.0479767245948997 0.951359633909693
0.362853951489621 0.354931173575183 0.0651111705456019 0.935413830682487
0.414690230273853 0.402920425866226 0.0847579916409404 0.914910901486253
0.466526509058084 0.449772310306305 0.106863139688512 0.892851946699435
0.518362787842316 0.495471991140612 0.131367320156848 0.869090273905407
0.570199066626548 0.539796370439003 0.158205820594262 0.841119355500192
0.622035345410779 0.582683708608471 0.187304577001358 0.813603521039101
0.673871624195011 0.624026925864887 0.218587697150006 0.780915592304945
0.725707902979242 0.663649519879082 0.251969230968541 0.748008274271218
0.777544181763474 0.701546870099925 0.287360438593214 0.712791243433658
0.829380460547705 0.737504592635662 0.324666513872554 0.674753669028161
0.881216739331937 0.771515369168272 0.363785850858594 0.637328162111854
0.933053018116169 0.803448217555862 0.404615513405414 0.59473745434611
0.9848892969004 0.833196504454249 0.44704356310426 0.553239955342561
1.03672557568463 0.860757604391003 0.490957674010354 0.50895768592576
1.08856185446886 0.885948118988721 0.536239263378261 0.463369811256252
1.1403981332531 0.908808372306797 0.582766082485562 0.417957874630336
1.19223441203733 0.929198423034413 0.630414816872679 0.36875178917441
1.24407069082156 0.947087812559828 0.679055224986882 0.321535107139242
1.29590696960579 0.96246951601387 0.728558769001748 0.271155592631717
1.34774324839002 0.975211541756059 0.778791058249241 0.221075296258874
1.39957952717425 0.98539090818451 0.829617415381009 0.170817402674233
1.45141580595849 0.992877227466108 0.880902248806375 0.118330142670619
1.50325208474272 0.997715388213264 0.9325058991625 0.0683406933010149
1.55508836352695 0.999888274937349 0.984292018448664 0.0152102897536036
1.60692464231118 0.999332462671472 1.03611949946692 -0.0359686793964121
1.65876092109541 0.99614848738118 1.08785021767971 -0.0876395015037965
1.71059719987964 0.990232753531435 1.1393452953173 -0.139881652928636
1.76243347866388 0.981696504259549 1.19046514100924 -0.189622910759917
1.81426975744811 0.970513674327336 1.24107448980173 -0.241844401111028
1.86610603623234 0.956699642506714 1.29103511352253 -0.290620603295389
1.91794231501657 0.9403631557046 1.34021458708285 -0.340209628778512
1.9697785938008 0.921442305316814 1.38848002126563 -0.388727012434923
2.02161487258503 0.900098887818537 1.43570131839684 -0.435077905045728
2.07345115136927 0.876306680043863 1.48175315306697 -0.482897240265504
2.1252874301535 0.850160610938973 1.52650960132728 -0.525896975604926
2.17712370893773 0.821761376006466 1.56985263480564 -0.570082760950736
2.22895998772196 0.791101293566504 1.61166429105548 -0.61161411324711
2.28079626650619 0.758373844862359 1.65183269162932 -0.651381359027502
2.33263254529042 0.723561855774491 1.69025070361685 -0.691065679235605
2.38446882407465 0.686831552340552 1.7268133213841 -0.726100224467812
2.43630510285889 0.648265145619535 1.76142458266823 -0.761957973829075
2.48814138164312 0.607916300623355 1.79398945522913 -0.793679683289994
2.53997766042735 0.565989213018054 1.82442172527939 -0.824147588301503
2.59181393921158 0.522485342758087 1.85263955428017 -0.8530956342627
2.64365021799581 0.477622069079672 1.87856602514855 -0.87789755814811
2.69548649678004 0.431462965928841 1.90213345206815 -0.903059880674546
2.74732277556427 0.384123589984464 1.92327624086631 -0.922775882772489
2.79915905434851 0.335796229530797 1.94193950650067 -0.94188886090598
2.85099533313274 0.286508916705603 1.9580721802573 -0.958190433089659
2.90283161191697 0.236506982017897 1.97163065725773 -0.971052650256178
2.9546678907012 0.185836131963681 1.98257989739092 -0.983792067349467
3.00650416948543 0.134671931828093 1.99088832217384 -0.99027711105587
3.05834044826966 0.083171237076607 1.99653586783621 -0.996777909092921
3.11017672705389 0.031395290356561 1.99950571951872 -0.999342156239841
3.16201300583813 -0.020406945691422 1.99979051719295 -0.999342837879223
3.21384928462236 -0.0722035062332165 1.99739009900322 -0.998157608880676
3.26568556340659 -0.123775702989642 1.99230922611979 -0.991653309881258
3.31752184219082 -0.175011210363338 1.98456377313007 -0.985167682681129
3.36935812097505 -0.225814615859108 1.97417243063882 -0.973796409766221
3.42119439975928 -0.275958089845764 1.96116453157375 -0.960913850853071
3.47303067854352 -0.325417244676168 1.94557475844446 -0.94595884639679
3.52486695732775 -0.373955022533549 1.92744403624713 -0.926798716057634
3.57670323611198 -0.421505287202184 1.90682293852727 -0.907833930570521
3.62853951489621 -0.467939737030272 1.88376457646595 -0.883235020502201
3.68037579368044 -0.513076184430747 1.8583329040598 -0.858349003600553
3.73221207246467 -0.556891357321732 1.83059514939593 -0.830673789534105
3.7840483512489 -0.599154174949814 1.80062573620866 -0.800075302922889
3.83588463003314 -0.639845100968105 1.76850641536924 -0.769575428833183
3.88772090881737 -0.678806284785437 1.73432138390436 -0.733664569528112
3.9395571876016 -0.715922334569762 1.69816475616692 -0.698497249436374
3.99139346638583 -0.751164284680258 1.66013189753756 -0.659975372972249
4.04322974517006 -0.784330366755848 1.62032576306006 -0.619958996729294
4.09506602395429 -0.815441086924539 1.578853720573 -0.579523238087388
4.14690230273853 -0.844327925502014 1.53582563051587 -0.535018131586019
4.19873858152276 -0.870946801391175 1.4913592726918 -0.492018396246591
4.25057486030699 -0.895259189614403 1.4455719171514 -0.445221400395378
4.30241113909122 -0.917114435345457 1.39858811309228 -0.398475157851386
4.35424741787545 -0.936563573219223 1.35053363844702 -0.350901610345054
4.40608369665969 -0.953447936879296 1.3015368012553 -0.300836567085757
4.45791997544392 -0.967793942249682 1.25173100238252 -0.252675594931165
4.50975625422815 -0.979550590898029 1.20124777168088 -0.200700196591972
4.56159253301238 -0.988636852915015 1.15022480516229 -0.150398886256207
4.61342881179661 -0.995122752398217 1.09879791688437 -0.098932833171529
4.66526509058084 -0.998878430330321 1.04710534489795 -0.0466158822239355
4.71710136936508 -0.999993193979325 0.995287055297439 0.00387357785190433
4.76893764814931 -0.998407220143979 0.943480267689767 0.0573180768170866
4.82077392693354 -0.994120037780771 0.891826443661833 0.107726320077074
4.87261020571777 -0.987207531340922 0.84046245463208 0.159610660272475
4.924446484502 -0.977585281813707 0.789527224179425 0.210687519501007
4.97628276328624 -0.965391071507628 0.739157846029874 0.260250119767174
5.02811904207047 -0.950568284251761 0.68948823505637 0.31153263464688
5.0799553208547 -0.933197434506297 0.640653973894893 0.358687147825162
5.13179159963893 -0.913346675163695 0.592784008241195 0.407520220139685
5.18362787842316 -0.890991160166798 0.546008592553481 0.453915824980794
5.2354641572074 -0.866299949487611 0.500452767671254 0.499147020870492
5.28730043599163 -0.839231584522355 0.456238304918669 0.54448898728009
5.33913671477586 -0.809938060049624 0.413485658605706 0.585743551003171
5.39097299356009 -0.778473489153077 0.372307450700376 0.628293769555481
5.44280927234432 -0.744880439444008 0.332816430883686 0.666849164157615
5.49464555112856 -0.709339771203389 0.29511727485277 0.704670164158704
5.54648182991279 -0.671836212054472 0.259311517056851 0.741080328341299
5.59831810869702 -0.63257458874287 0.225496296186107 0.773830463597875
5.65015438748125 -0.591596397005284 0.193760582825793 0.807231784645542
5.70199066626548 -0.549012871905996 0.164191920854817 0.835282663341788
5.75382694504972 -0.5049954651294 0.136867737151511 0.863147395493367
5.80566322383395 -0.459564176756239 0.111862524965609 0.888203993419533
5.85749950261818 -0.412954489194772 0.0892435457377841 0.910198559126928
5.90933578140241 -0.365198000700275 0.0690703215208394 0.932033354265858
5.96117206018664 -0.31647181466288 0.0513991397720756 0.947969885944234
6.01300833897087 -0.266916683638435 0.0362751947645219 0.964036219306496
6.06484461775511 -0.216594850618411 0.0237408759178747 0.976049702335661
6.11668089653934 -0.165748827363825 0.0138290662500559 0.985755773758967
6.16851717532357 -0.114406147067291 0.00656595882354375 0.994116426551393
