2 3.74165738677394 0 0.244948974278318
37 2.82842712474619 2.82842712474619 4.53155602414888
72 7.93725393319377 6.2449979983984 8.81816307401944
107 9.1104335791443 9.8488578017961 13.10477012389
142 11 17.4928556845359 17.3913771737606
177 16.8819430161341 22.0454076850486 21.6779842236311
212 19.5192212959431 32.1091887160046 25.9645912735017
247 23.0217288664427 41.5210789840534 30.2511983233723
282 27.1845544381364 51.254268114958 34.5378053732428
317 32.5729949498047 65.1690110405245 38.8244124231134
